Time PAO1_Count PAO1_Conc Glycerol_Count Glycerol_Conc PAO1_Died bacteria_couldn't_eat
0 43 0.21 57811 2.76 0 0
2 43 0.21 57811 2.76 0 0
4 43 0.21 57778 2.76 0 0
6 43 0.21 57745 2.76 0 0
8 43 0.22 57709 2.75 0 0
10 43 0.22 57665 2.75 0 0
12 43 0.22 57620 2.75 0 0
14 43 0.22 57574 2.75 0 0
16 43 0.23 57529 2.74 0 0
18 43 0.23 57480 2.74 0 0
20 43 0.23 57435 2.74 0 0
22 43 0.24 57388 2.74 0 0
24 43 0.24 57336 2.73 0 0
26 43 0.24 57288 2.73 0 0
28 43 0.24 57242 2.73 0 0
30 43 0.25 57183 2.72 0 0
32 43 0.25 57125 2.72 0 0
34 43 0.25 57069 2.72 0 0
36 43 0.26 57016 2.72 0 0
38 43 0.26 56963 2.71 0 0
40 43 0.26 56907 2.71 0 0
42 43 0.27 56851 2.71 0 0
44 43 0.27 56794 2.7 0 0
46 43 0.27 56733 2.7 0 0
48 43 0.28 56677 2.7 0 0
50 43 0.28 56616 2.7 0 0
52 43 0.28 56547 2.69 0 0
54 43 0.29 56480 2.69 0 0
56 43 0.29 56420 2.69 0 0
58 43 0.29 56348 2.68 0 0
60 43 0.3 56288 2.68 0 0
62 43 0.3 56220 2.68 0 0
64 43 0.31 56156 2.67 0 0
66 43 0.31 56086 2.67 0 0
68 43 0.31 56015 2.67 0 0
70 43 0.32 55945 2.66 0 0
72 43 0.32 55877 2.66 0 0
74 43 0.32 55806 2.66 0 0
76 43 0.33 55732 2.65 0 0
78 43 0.33 55646 2.65 0 0
80 43 0.34 55571 2.65 0 0
82 43 0.34 55503 2.64 0 0
84 43 0.35 55425 2.64 0 0
86 43 0.35 55344 2.63 0 0
88 43 0.35 55259 2.63 0 0
90 43 0.36 55179 2.63 0 0
92 43 0.36 55092 2.62 0 0
94 43 0.37 55013 2.62 0 0
96 43 0.37 54925 2.61 0 0
98 43 0.38 54838 2.61 0 0
100 43 0.38 54753 2.61 0 0
102 43 0.39 54660 2.6 0 0
104 43 0.39 54565 2.6 0 0
106 43 0.4 54473 2.59 0 0
108 43 0.4 54378 2.59 0 0
110 43 0.41 54284 2.58 0 0
112 43 0.41 54184 2.58 0 0
114 43 0.42 54086 2.58 0 0
116 86 0.42 53991 2.57 0 0
118 86 0.43 53893 2.57 0 0
120 86 0.43 53793 2.56 0 0
122 86 0.44 53698 2.56 0 0
124 86 0.44 53592 2.55 0 0
126 86 0.45 53486 2.55 0 0
128 86 0.45 53380 2.54 0 0
130 86 0.46 53277 2.54 0 0
132 86 0.46 53173 2.53 0 0
134 86 0.47 53066 2.53 0 0
136 86 0.48 52959 2.52 0 0
138 86 0.48 52848 2.52 0 0
140 86 0.49 52745 2.51 0 0
142 86 0.49 52640 2.51 0 0
144 86 0.5 52522 2.5 0 0
146 86 0.51 52398 2.49 0 0
148 86 0.51 52273 2.49 0 0
150 86 0.52 52152 2.48 0 0
152 86 0.53 52044 2.48 0 0
154 86 0.53 51922 2.47 0 0
156 86 0.54 51802 2.47 0 0
158 86 0.54 51670 2.46 0 0
160 86 0.55 51551 2.45 0 0
162 86 0.56 51420 2.45 0 0
164 86 0.57 51292 2.44 0 0
166 86 0.57 51166 2.44 0 0
168 86 0.58 51027 2.43 0 0
170 86 0.59 50900 2.42 0 0
172 86 0.59 50771 2.42 0 0
174 86 0.6 50630 2.41 0 0
176 86 0.61 50494 2.4 0 0
178 86 0.62 50352 2.4 0 0
180 86 0.62 50198 2.39 0 0
182 86 0.63 50058 2.38 0 0
184 86 0.64 49917 2.38 0 0
186 86 0.65 49772 2.37 0 0
188 86 0.66 49615 2.36 0 0
190 86 0.66 49471 2.35 0 0
192 86 0.67 49311 2.35 0 0
194 86 0.68 49159 2.34 0 0
196 86 0.69 49002 2.33 0 0
198 86 0.7 48843 2.32 0 0
200 86 0.71 48685 2.32 0 0
202 86 0.71 48514 2.31 0 0
204 86 0.72 48355 2.3 0 0
206 86 0.73 48180 2.29 0 0
208 86 0.74 48004 2.28 0 0
210 86 0.75 47830 2.28 0 0
212 86 0.76 47654 2.27 0 0
214 86 0.77 47471 2.26 0 0
216 86 0.78 47289 2.25 0 0
218 86 0.79 47103 2.24 0 0
220 86 0.8 46916 2.23 0 0
222 86 0.81 46730 2.22 0 0
224 86 0.82 46537 2.22 0 0
226 86 0.83 46341 2.21 0 0
228 172 0.84 46158 2.2 0 0
230 172 0.85 45969 2.19 0 0
232 172 0.86 45771 2.18 0 0
234 172 0.87 45567 2.17 0 0
236 172 0.88 45370 2.16 0 0
238 172 0.89 45168 2.15 0 0
240 172 0.9 44966 2.14 0 0
242 172 0.91 44759 2.13 0 0
244 172 0.93 44558 2.12 0 0
246 172 0.94 44346 2.11 0 0
248 172 0.95 44131 2.1 0 0
250 172 0.96 43913 2.09 0 0
252 172 0.97 43699 2.08 0 0
254 172 0.98 43474 2.07 0 0
256 172 1.0 43248 2.06 0 0
258 172 1.01 43014 2.05 0 0
260 172 1.02 42778 2.03 0 0
262 172 1.03 42544 2.02 0 0
264 172 1.05 42297 2.01 0 0
266 172 1.06 42048 2.0 0 0
268 172 1.07 41810 1.99 0 0
270 172 1.09 41567 1.98 0 0
272 172 1.1 41314 1.96 0 0
274 172 1.11 41061 1.95 0 0
276 172 1.13 40802 1.94 0 0
278 172 1.14 40541 1.93 0 0
280 172 1.16 40271 1.92 0 0
282 172 1.17 40017 1.9 0 0
284 172 1.18 39758 1.89 0 0
286 172 1.2 39481 1.88 0 0
288 172 1.21 39206 1.86 0 0
290 172 1.23 38928 1.85 0 0
292 172 1.24 38648 1.84 0 0
294 172 1.26 38346 1.82 0 0
296 172 1.28 38056 1.81 0 0
298 172 1.29 37769 1.79 0 0
300 172 1.31 37475 1.78 0 0
302 172 1.32 37172 1.77 0 0
304 172 1.34 36862 1.75 0 0
306 172 1.36 36553 1.74 0 0
308 172 1.37 36238 1.72 0 0
310 172 1.39 35919 1.71 0 0
312 172 1.41 35592 1.69 0 0
314 172 1.43 35262 1.68 0 0
316 172 1.44 34941 1.66 0 0
318 172 1.46 34605 1.64 0 0
320 172 1.48 34270 1.63 0 0
322 172 1.5 33925 1.61 0 0
324 172 1.52 33574 1.59 0 0
326 172 1.53 33217 1.58 0 0
328 172 1.55 32862 1.56 0 0
330 172 1.57 32501 1.54 0 0
332 172 1.59 32125 1.53 0 0
334 172 1.61 31765 1.51 0 0
336 172 1.63 31390 1.49 0 0
338 172 1.65 31007 1.47 0 0
340 344 1.67 30619 1.45 0 0
342 344 1.69 30235 1.44 0 0
344 344 1.72 29853 1.42 0 0
346 344 1.74 29463 1.4 0 0
348 344 1.76 29066 1.38 0 0
350 344 1.78 28651 1.36 0 0
352 344 1.8 28241 1.34 0 0
354 344 1.82 27830 1.32 0 0
356 344 1.85 27412 1.3 0 0
358 344 1.87 26995 1.28 0 0
360 344 1.89 26566 1.26 0 0
362 344 1.92 26118 1.24 0 0
364 344 1.94 25677 1.22 0 0
366 344 1.96 25232 1.2 0 0
368 344 1.99 24778 1.17 0 0
370 344 2.01 24307 1.15 0 0
372 344 2.04 23845 1.13 0 0
374 344 2.06 23359 1.11 0 0
376 344 2.09 22871 1.08 0 0
378 344 2.11 22383 1.06 0 0
380 344 2.14 21905 1.04 0 0
382 344 2.17 21410 1.01 0 0
384 344 2.19 20906 0.99 0 0
386 344 2.22 20405 0.97 0 0
388 344 2.25 19890 0.94 0 0
390 344 2.28 19363 0.92 0 0
392 344 2.31 18834 0.89 0 0
394 344 2.33 18305 0.87 0 0
396 344 2.36 17751 0.84 0 0
398 344 2.39 17200 0.81 0 0
400 344 2.42 16645 0.79 0 0
402 344 2.45 16094 0.76 0 0
404 344 2.48 15523 0.73 0 0
406 344 2.51 14961 0.71 0 0
408 344 2.54 14379 0.68 0 0
410 344 2.58 13793 0.65 0 0
412 344 2.61 13180 0.62 0 0
414 344 2.64 12568 0.59 0 0
416 344 2.67 11976 0.56 0 0
418 344 2.71 11338 0.53 0 0
420 344 2.74 10712 0.5 0 0
422 344 2.77 10077 0.47 0 0
424 344 2.81 9432 0.44 0 0
426 344 2.84 8780 0.41 0 0
428 344 2.88 8126 0.38 0 0
430 344 2.91 7461 0.35 0 0
432 344 2.95 6787 0.32 0 0
434 344 2.99 6104 0.28 0 0
436 344 3.02 5399 0.25 0 0
438 344 3.06 4706 0.22 0 0
440 344 3.1 3997 0.18 0 0
442 344 3.14 3265 0.15 0 0
444 344 3.18 2533 0.11 0 2
446 344 3.21 1824 0.08 0 9
448 344 3.25 1239 0.05 0 54
450 344 3.27 777 0.03 0 101
452 454 3.29 457 0.02 0 185
454 469 3.3 182 0.01 0 229
456 471 3.31 44 0.0 0 342
458 471 3.31 5 0.0 0 429
460 471 3.31 1 0.0 0 466
462 471 3.31 0 0.0 0 470
464 471 3.31 0 0.0 0 471
466 471 3.31 0 0.0 0 471
468 471 3.31 0 0.0 0 471
470 471 3.31 0 0.0 0 471
472 471 3.31 0 0.0 0 471
474 471 3.31 0 0.0 0 471
476 471 3.31 0 0.0 0 471
478 471 3.31 0 0.0 0 471
480 471 3.31 0 0.0 0 471
482 471 3.31 0 0.0 0 471
484 471 3.31 0 0.0 0 471
486 471 3.31 0 0.0 0 471
488 471 3.31 0 0.0 0 471
490 471 3.31 0 0.0 0 471
492 471 3.31 0 0.0 0 471
494 471 3.31 0 0.0 0 471
496 471 3.31 0 0.0 0 471
498 471 3.31 0 0.0 0 471
500 471 3.31 0 0.0 0 471
502 471 3.31 0 0.0 0 471
504 471 3.31 0 0.0 0 471
506 471 3.31 0 0.0 0 471
508 471 3.31 0 0.0 0 471
510 471 3.31 0 0.0 0 471
512 471 3.31 0 0.0 0 471
514 471 3.31 0 0.0 0 471
516 471 3.31 0 0.0 0 471
518 471 3.31 0 0.0 0 471
520 471 3.31 0 0.0 0 471
522 471 3.31 0 0.0 0 471
524 471 3.31 0 0.0 0 471
526 471 3.31 0 0.0 0 471
528 471 3.31 0 0.0 0 471
530 471 3.31 0 0.0 0 471
532 471 3.31 0 0.0 0 471
534 471 3.31 0 0.0 0 471
536 471 3.31 0 0.0 0 471
538 471 3.31 0 0.0 0 471
540 471 3.31 0 0.0 0 471
542 471 3.31 0 0.0 0 471
544 471 3.31 0 0.0 0 471
546 471 3.31 0 0.0 0 471
548 471 3.31 0 0.0 0 471
550 471 3.31 0 0.0 0 471
552 471 3.31 0 0.0 0 471
554 471 3.31 0 0.0 0 471
556 471 3.31 0 0.0 0 471
558 471 3.31 0 0.0 0 471
560 471 3.31 0 0.0 0 471
562 471 3.31 0 0.0 0 471
564 471 3.31 0 0.0 0 471
566 471 3.31 0 0.0 0 471
568 471 3.31 0 0.0 0 471
570 471 3.31 0 0.0 0 471
572 471 3.31 0 0.0 0 471
574 471 3.31 0 0.0 0 471
576 471 3.31 0 0.0 0 471
578 471 3.31 0 0.0 0 471
580 471 3.31 0 0.0 0 471
582 471 3.31 0 0.0 0 471
584 471 3.31 0 0.0 0 471
586 471 3.31 0 0.0 0 471
588 471 3.31 0 0.0 0 471
590 471 3.31 0 0.0 0 471
592 471 3.31 0 0.0 0 471
594 471 3.31 0 0.0 0 471
596 471 3.31 0 0.0 0 471
598 471 3.31 0 0.0 0 471
600 471 3.31 0 0.0 0 471
602 471 3.31 0 0.0 0 471
604 471 3.31 0 0.0 0 471
606 471 3.31 0 0.0 0 471
608 471 3.31 0 0.0 0 471
610 471 3.31 0 0.0 0 471
612 471 3.31 0 0.0 0 471
614 471 3.31 0 0.0 0 471
616 471 3.31 0 0.0 0 471
618 471 3.31 0 0.0 0 471
620 471 3.31 0 0.0 0 471
622 471 3.31 0 0.0 0 471
624 471 3.31 0 0.0 0 471
626 471 3.31 0 0.0 0 471
628 471 3.31 0 0.0 0 471
630 471 3.31 0 0.0 0 471
632 471 3.31 0 0.0 0 471
634 471 3.31 0 0.0 0 471
636 471 3.31 0 0.0 0 471
638 471 3.31 0 0.0 0 471
640 471 3.31 0 0.0 0 471
642 471 3.31 0 0.0 0 471
644 471 3.31 0 0.0 0 471
646 471 3.31 0 0.0 0 471
648 471 3.31 0 0.0 0 471
650 471 3.31 0 0.0 0 471
652 471 3.31 0 0.0 0 471
654 471 3.31 0 0.0 0 471
656 471 3.31 0 0.0 0 471
658 471 3.31 0 0.0 0 471
660 471 3.31 0 0.0 0 471
662 471 3.31 0 0.0 0 471
664 471 3.31 0 0.0 0 471
666 471 3.31 0 0.0 0 471
668 471 3.31 0 0.0 0 471
670 471 3.31 0 0.0 0 471
672 471 3.31 0 0.0 0 471
674 471 3.31 0 0.0 0 471
676 471 3.31 0 0.0 0 471
678 471 3.31 0 0.0 0 471
680 471 3.31 0 0.0 0 471
682 471 3.31 0 0.0 0 471
684 471 3.31 0 0.0 0 471
686 471 3.31 0 0.0 0 471
688 471 3.31 0 0.0 0 471
690 471 3.31 0 0.0 0 471
692 471 3.31 0 0.0 0 471
694 471 3.31 0 0.0 0 471
696 471 3.31 0 0.0 0 471
698 471 3.31 0 0.0 0 471
700 471 3.31 0 0.0 0 471
702 471 3.31 0 0.0 0 471
704 471 3.31 0 0.0 0 471
706 471 3.31 0 0.0 0 471
708 471 3.31 0 0.0 0 471
710 471 3.31 0 0.0 0 471
712 471 3.31 0 0.0 0 471
714 471 3.31 0 0.0 0 471
716 471 3.31 0 0.0 0 471
718 471 3.31 0 0.0 0 471
720 471 3.31 0 0.0 0 471
722 471 3.31 0 0.0 0 471
724 471 3.31 0 0.0 0 471
726 471 3.31 0 0.0 0 471
728 471 3.31 0 0.0 0 471
730 471 3.31 0 0.0 0 471
732 471 3.31 0 0.0 0 471
734 471 3.31 0 0.0 0 471
736 471 3.31 0 0.0 0 471
738 471 3.31 0 0.0 0 471
740 471 3.31 0 0.0 0 471
742 471 3.31 0 0.0 0 471
744 471 3.31 0 0.0 0 471
746 471 3.31 0 0.0 0 471
748 471 3.31 0 0.0 0 471
750 471 3.31 0 0.0 0 471
752 471 3.31 0 0.0 0 471
754 471 3.31 0 0.0 0 471
756 471 3.31 0 0.0 0 471
758 471 3.31 0 0.0 0 471
760 471 3.31 0 0.0 0 471
762 471 3.31 0 0.0 0 471
764 471 3.31 0 0.0 0 471
766 471 3.31 0 0.0 0 471
768 471 3.31 0 0.0 0 471
770 471 3.31 0 0.0 0 471
772 471 3.31 0 0.0 0 471
774 471 3.31 0 0.0 0 471
776 471 3.31 0 0.0 0 471
778 471 3.31 0 0.0 0 471
780 471 3.31 0 0.0 0 471
782 471 3.31 0 0.0 0 471
784 471 3.31 0 0.0 0 471
786 471 3.31 0 0.0 0 471
788 471 3.31 0 0.0 0 471
790 471 3.31 0 0.0 0 471
792 471 3.31 0 0.0 0 471
794 471 3.31 0 0.0 0 471
796 471 3.31 0 0.0 0 471
798 471 3.31 0 0.0 0 471
800 471 3.31 0 0.0 0 471
802 471 3.31 0 0.0 0 471
804 471 3.31 0 0.0 0 471
806 471 3.31 0 0.0 0 471
808 471 3.31 0 0.0 0 471
810 471 3.31 0 0.0 0 471
812 471 3.31 0 0.0 0 471
814 471 3.31 0 0.0 0 471
816 471 3.31 0 0.0 0 471
818 471 3.31 0 0.0 0 471
820 471 3.31 0 0.0 0 471
822 471 3.31 0 0.0 0 471
824 471 3.31 0 0.0 0 471
826 471 3.31 0 0.0 0 471
828 471 3.31 0 0.0 0 471
830 471 3.31 0 0.0 0 471
832 471 3.31 0 0.0 0 471
834 471 3.31 0 0.0 0 471
836 471 3.31 0 0.0 0 471
838 471 3.31 0 0.0 0 471
840 471 3.31 0 0.0 0 471
842 471 3.31 0 0.0 0 471
844 471 3.31 0 0.0 0 471
846 471 3.31 0 0.0 0 471
848 471 3.31 0 0.0 0 471
850 471 3.31 0 0.0 0 471
852 471 3.31 0 0.0 0 471
854 471 3.31 0 0.0 0 471
856 471 3.31 0 0.0 0 471
858 471 3.31 0 0.0 0 471
860 471 3.31 0 0.0 0 471
862 471 3.31 0 0.0 0 471
864 471 3.31 0 0.0 0 471
866 471 3.31 0 0.0 0 471
868 471 3.31 0 0.0 0 471
870 471 3.31 0 0.0 0 471
872 471 3.31 0 0.0 0 471
874 471 3.31 0 0.0 0 471
876 471 3.31 0 0.0 0 471
878 471 3.31 0 0.0 0 471
880 471 3.31 0 0.0 0 471
882 471 3.31 0 0.0 0 471
884 471 3.31 0 0.0 0 471
886 471 3.31 0 0.0 0 471
888 471 3.31 0 0.0 0 471
890 471 3.31 0 0.0 0 471
892 471 3.31 0 0.0 0 471
894 471 3.31 0 0.0 0 471
896 471 3.31 0 0.0 0 471
898 471 3.31 0 0.0 0 471
900 471 3.31 0 0.0 0 471
902 471 3.31 0 0.0 0 471
904 471 3.31 0 0.0 0 471
906 471 3.31 0 0.0 0 471
908 471 3.31 0 0.0 0 471
910 471 3.31 0 0.0 0 471
912 471 3.31 0 0.0 0 471
914 471 3.31 0 0.0 0 471
916 471 3.31 0 0.0 0 471
918 471 3.31 0 0.0 0 471
920 471 3.31 0 0.0 0 471
922 471 3.31 0 0.0 0 471
924 471 3.31 0 0.0 0 471
926 471 3.31 0 0.0 0 471
928 471 3.31 0 0.0 0 471
930 471 3.31 0 0.0 0 471
932 471 3.31 0 0.0 0 471
934 471 3.31 0 0.0 0 471
936 471 3.31 0 0.0 0 471
938 471 3.31 0 0.0 0 471
940 471 3.31 0 0.0 0 471
942 471 3.31 0 0.0 0 471
944 471 3.31 0 0.0 0 471
946 471 3.31 0 0.0 0 471
948 471 3.31 0 0.0 0 471
950 471 3.31 0 0.0 0 471
952 471 3.31 0 0.0 0 471
954 471 3.31 0 0.0 0 471
956 471 3.31 0 0.0 0 471
958 471 3.31 0 0.0 0 471
960 471 3.31 0 0.0 0 471
962 471 3.31 0 0.0 0 471
964 471 3.31 0 0.0 0 471
966 471 3.31 0 0.0 0 471
968 471 3.31 0 0.0 0 471
970 471 3.31 0 0.0 0 471
972 471 3.31 0 0.0 0 471
974 471 3.31 0 0.0 0 471
976 471 3.31 0 0.0 0 471
978 471 3.31 0 0.0 0 471
980 471 3.31 0 0.0 0 471
982 471 3.31 0 0.0 0 471
984 471 3.31 0 0.0 0 471
986 471 3.31 0 0.0 0 471
988 471 3.31 0 0.0 0 471
990 471 3.31 0 0.0 0 471
992 471 3.31 0 0.0 0 471
994 471 3.31 0 0.0 0 471
996 471 3.31 0 0.0 0 471
998 471 3.31 0 0.0 0 471
1000 471 3.31 0 0.0 0 471
1002 471 3.31 0 0.0 0 471
1004 471 3.31 0 0.0 0 471
1006 471 3.31 0 0.0 0 471
1008 471 3.31 0 0.0 0 471
1010 471 3.31 0 0.0 0 471
1012 471 3.31 0 0.0 0 471
1014 471 3.31 0 0.0 0 471
1016 471 3.31 0 0.0 0 471
1018 471 3.31 0 0.0 0 471
1020 471 3.31 0 0.0 0 471
1022 471 3.31 0 0.0 0 471
1024 471 3.31 0 0.0 0 471
1026 471 3.31 0 0.0 0 471
1028 471 3.31 0 0.0 0 471
1030 471 3.31 0 0.0 0 471
1032 471 3.31 0 0.0 0 471
1034 471 3.31 0 0.0 0 471
1036 471 3.31 0 0.0 0 471
1038 471 3.31 0 0.0 0 471
1040 471 3.31 0 0.0 0 471
1042 471 3.31 0 0.0 0 471
1044 471 3.31 0 0.0 0 471
1046 471 3.31 0 0.0 0 471
1048 471 3.31 0 0.0 0 471
1050 471 3.31 0 0.0 0 471
1052 471 3.31 0 0.0 0 471
1054 471 3.31 0 0.0 0 471
1056 471 3.31 0 0.0 0 471
1058 471 3.31 0 0.0 0 471
1060 471 3.31 0 0.0 0 471
1062 471 3.31 0 0.0 0 471
1064 471 3.31 0 0.0 0 471
1066 471 3.31 0 0.0 0 471
1068 471 3.31 0 0.0 0 471
1070 471 3.31 0 0.0 0 471
1072 471 3.31 0 0.0 0 471
1074 471 3.31 0 0.0 0 471
1076 471 3.31 0 0.0 0 471
1078 471 3.31 0 0.0 0 471
1080 471 3.31 0 0.0 0 471
1082 471 3.31 0 0.0 0 471
1084 471 3.31 0 0.0 0 471
1086 471 3.31 0 0.0 0 471
1088 471 3.31 0 0.0 0 471
1090 471 3.31 0 0.0 0 471
1092 471 3.31 0 0.0 0 471
1094 471 3.31 0 0.0 0 471
1096 471 3.31 0 0.0 0 471
1098 471 3.31 0 0.0 0 471
1100 471 3.31 0 0.0 0 471
1102 471 3.31 0 0.0 0 471
1104 471 3.31 0 0.0 0 471
1106 471 3.31 0 0.0 0 471
1108 471 3.31 0 0.0 0 471
1110 471 3.31 0 0.0 0 471
1112 471 3.31 0 0.0 0 471
1114 471 3.31 0 0.0 0 471
1116 471 3.31 0 0.0 0 471
1118 471 3.31 0 0.0 0 471
1120 471 3.31 0 0.0 0 471
1122 471 3.31 0 0.0 0 471
1124 471 3.31 0 0.0 0 471
1126 471 3.31 0 0.0 0 471
1128 471 3.31 0 0.0 0 471
1130 471 3.31 0 0.0 0 471
1132 471 3.31 0 0.0 0 471
1134 471 3.31 0 0.0 0 471
1136 471 3.31 0 0.0 0 471
1138 471 3.31 0 0.0 0 471
1140 471 3.31 0 0.0 0 471
1142 471 3.31 0 0.0 0 471
1144 471 3.31 0 0.0 0 471
1146 471 3.31 0 0.0 0 471
1148 471 3.31 0 0.0 0 471
1150 471 3.31 0 0.0 0 471
1152 471 3.31 0 0.0 0 471
1154 471 3.31 0 0.0 0 471
1156 471 3.31 0 0.0 0 471
1158 471 3.31 0 0.0 0 471
1160 471 3.31 0 0.0 0 471
1162 471 3.31 0 0.0 0 471
1164 471 3.31 0 0.0 0 471
1166 471 3.31 0 0.0 0 471
1168 471 3.31 0 0.0 0 471
1170 471 3.31 0 0.0 0 471
1172 471 3.31 0 0.0 0 471
1174 471 3.31 0 0.0 0 471
1176 471 3.31 0 0.0 0 471
1178 471 3.31 0 0.0 0 471
1180 471 3.31 0 0.0 0 471
1182 471 3.31 0 0.0 0 471
1184 471 3.31 0 0.0 0 471
1186 471 3.31 0 0.0 0 471
1188 471 3.31 0 0.0 0 471
1190 471 3.31 0 0.0 0 471
1192 471 3.31 0 0.0 0 471
1194 471 3.31 0 0.0 0 471
1196 471 3.31 0 0.0 0 471
1198 471 3.31 0 0.0 0 471
1200 471 3.31 0 0.0 0 471
1202 471 3.31 0 0.0 0 471
1204 471 3.31 0 0.0 0 471
1206 471 3.31 0 0.0 0 471
1208 471 3.31 0 0.0 0 471
1210 471 3.31 0 0.0 0 471
1212 471 3.31 0 0.0 0 471
1214 471 3.31 0 0.0 0 471
1216 471 3.31 0 0.0 0 471
1218 471 3.31 0 0.0 0 471
1220 471 3.31 0 0.0 0 471
1222 471 3.31 0 0.0 0 471
1224 471 3.31 0 0.0 0 471
1226 471 3.31 0 0.0 0 471
1228 471 3.31 0 0.0 0 471
1230 471 3.31 0 0.0 0 471
1232 471 3.31 0 0.0 0 471
1234 471 3.31 0 0.0 0 471
1236 471 3.31 0 0.0 0 471
1238 471 3.31 0 0.0 0 471
1240 471 3.31 0 0.0 0 471
1242 471 3.31 0 0.0 0 471
1244 471 3.31 0 0.0 0 471
1246 471 3.31 0 0.0 0 471
1248 471 3.31 0 0.0 0 471
1250 471 3.31 0 0.0 0 471
1252 471 3.31 0 0.0 0 471
1254 471 3.31 0 0.0 0 471
1256 471 3.31 0 0.0 0 471
1258 471 3.31 0 0.0 0 471
1260 471 3.31 0 0.0 0 471
1262 471 3.31 0 0.0 0 471
1264 471 3.31 0 0.0 0 471
1266 471 3.31 0 0.0 0 471
1268 471 3.31 0 0.0 0 471
1270 471 3.31 0 0.0 0 471
1272 471 3.31 0 0.0 0 471
1274 471 3.31 0 0.0 0 471
1276 471 3.31 0 0.0 0 471
1278 471 3.31 0 0.0 0 471
1280 471 3.31 0 0.0 0 471
1282 471 3.31 0 0.0 0 471
1284 471 3.31 0 0.0 0 471
1286 471 3.31 0 0.0 0 471
1288 471 3.31 0 0.0 0 471
1290 471 3.31 0 0.0 0 471
1292 471 3.31 0 0.0 0 471
1294 471 3.31 0 0.0 0 471
1296 471 3.31 0 0.0 0 471
1298 471 3.31 0 0.0 0 471
1300 471 3.31 0 0.0 0 471
1302 471 3.31 0 0.0 0 471
1304 471 3.31 0 0.0 0 471
1306 471 3.31 0 0.0 0 471
1308 471 3.31 0 0.0 0 471
1310 471 3.31 0 0.0 0 471
1312 471 3.31 0 0.0 0 471
1314 471 3.31 0 0.0 0 471
1316 471 3.31 0 0.0 0 471
1318 471 3.31 0 0.0 0 471
1320 471 3.31 0 0.0 0 471
1322 471 3.31 0 0.0 0 471
1324 471 3.31 0 0.0 0 471
1326 471 3.31 0 0.0 0 471
1328 471 3.31 0 0.0 0 471
1330 471 3.31 0 0.0 0 471
1332 471 3.31 0 0.0 0 471
1334 471 3.31 0 0.0 0 471
1336 471 3.31 0 0.0 0 471
1338 471 3.31 0 0.0 0 471
1340 471 3.31 0 0.0 0 471
1342 471 3.31 0 0.0 0 471
1344 471 3.31 0 0.0 0 471
1346 471 3.31 0 0.0 0 471
1348 471 3.31 0 0.0 0 471
1350 471 3.31 0 0.0 0 471
1352 471 3.31 0 0.0 0 471
1354 471 3.31 0 0.0 0 471
1356 471 3.31 0 0.0 0 471
1358 471 3.31 0 0.0 0 471
1360 471 3.31 0 0.0 0 471
1362 471 3.31 0 0.0 0 471
1364 471 3.31 0 0.0 0 471
1366 471 3.31 0 0.0 0 471
1368 471 3.31 0 0.0 0 471
1370 471 3.31 0 0.0 0 471
1372 471 3.31 0 0.0 0 471
1374 471 3.31 0 0.0 0 471
1376 471 3.31 0 0.0 0 471
1378 471 3.31 0 0.0 0 471
1380 471 3.31 0 0.0 0 471
1382 471 3.31 0 0.0 0 471
1384 471 3.31 0 0.0 0 471
1386 471 3.31 0 0.0 0 471
1388 471 3.31 0 0.0 0 471
1390 471 3.31 0 0.0 0 471
1392 471 3.31 0 0.0 0 471
1394 471 3.31 0 0.0 0 471
1396 471 3.31 0 0.0 0 471
1398 471 3.31 0 0.0 0 471
1400 471 3.31 0 0.0 0 471
1402 471 3.31 0 0.0 0 471
1404 471 3.31 0 0.0 0 471
1406 471 3.31 0 0.0 0 471
1408 471 3.31 0 0.0 0 471
1410 471 3.31 0 0.0 0 471
1412 471 3.31 0 0.0 0 471
1414 471 3.31 0 0.0 0 471
1416 471 3.31 0 0.0 0 471
1418 471 3.31 0 0.0 0 471
1420 471 3.31 0 0.0 0 471
1422 471 3.31 0 0.0 0 471
1424 471 3.31 0 0.0 0 471
1426 471 3.31 0 0.0 0 471
1428 471 3.31 0 0.0 0 471
1430 471 3.31 0 0.0 0 471
1432 471 3.31 0 0.0 0 471
1434 471 3.31 0 0.0 0 471
1436 471 3.31 0 0.0 0 471
1438 471 3.31 0 0.0 0 471
1440 471 3.31 0 0.0 0 471
