Time PAO1_Count PAO1_Conc Acetate_Count Acetate_Conc PAO1_Died bacteria_couldn't_eat
0 4 0.02 77081 2.4 0 0
2 4 0.02 77081 2.4 0 0
4 4 0.02 77072 2.4 0 0
6 4 0.02 77060 2.4 0 0
8 4 0.02 77048 2.4 0 0
10 4 0.02 77036 2.4 0 0
12 4 0.02 77025 2.4 0 0
14 4 0.02 77013 2.4 0 0
16 4 0.02 77001 2.4 0 0
18 4 0.02 76988 2.4 0 0
20 4 0.02 76975 2.4 0 0
22 4 0.02 76960 2.4 0 0
24 4 0.02 76946 2.4 0 0
26 4 0.02 76931 2.4 0 0
28 4 0.03 76916 2.4 0 0
30 4 0.03 76902 2.39 0 0
32 4 0.03 76888 2.39 0 0
34 4 0.03 76872 2.39 0 0
36 4 0.03 76856 2.39 0 0
38 4 0.03 76840 2.39 0 0
40 4 0.03 76824 2.39 0 0
42 4 0.03 76807 2.39 0 0
44 4 0.03 76791 2.39 0 0
46 4 0.03 76775 2.39 0 0
48 4 0.03 76757 2.39 0 0
50 4 0.03 76739 2.39 0 0
52 4 0.03 76718 2.39 0 0
54 4 0.03 76699 2.39 0 0
56 4 0.03 76678 2.39 0 0
58 4 0.03 76658 2.39 0 0
60 4 0.04 76638 2.39 0 0
62 4 0.04 76618 2.39 0 0
64 4 0.04 76595 2.39 0 0
66 4 0.04 76573 2.38 0 0
68 6 0.04 76550 2.38 0 0
70 8 0.04 76527 2.38 0 0
72 8 0.04 76504 2.38 0 0
74 8 0.04 76481 2.38 0 0
76 8 0.04 76456 2.38 0 0
78 8 0.04 76435 2.38 0 0
80 8 0.04 76411 2.38 0 0
82 8 0.04 76386 2.38 0 0
84 8 0.05 76362 2.38 0 0
86 8 0.05 76338 2.38 0 0
88 8 0.05 76311 2.38 0 0
90 8 0.05 76287 2.38 0 0
92 8 0.05 76259 2.37 0 0
94 8 0.05 76230 2.37 0 0
96 8 0.05 76201 2.37 0 0
98 8 0.05 76170 2.37 0 0
100 8 0.05 76139 2.37 0 0
102 8 0.06 76106 2.37 0 0
104 8 0.06 76073 2.37 0 0
106 8 0.06 76040 2.37 0 0
108 8 0.06 76007 2.37 0 0
110 8 0.06 75972 2.37 0 0
112 8 0.06 75940 2.37 0 0
114 8 0.06 75903 2.36 0 0
116 8 0.06 75866 2.36 0 0
118 8 0.07 75828 2.36 0 0
120 8 0.07 75790 2.36 0 0
122 8 0.07 75751 2.36 0 0
124 8 0.07 75710 2.36 0 0
126 8 0.07 75667 2.36 0 0
128 8 0.07 75625 2.36 0 0
130 8 0.07 75585 2.35 0 0
132 8 0.08 75542 2.35 0 0
134 13 0.08 75497 2.35 0 0
136 16 0.08 75451 2.35 0 0
138 16 0.08 75404 2.35 0 0
140 16 0.08 75359 2.35 0 0
142 16 0.08 75313 2.35 0 0
144 16 0.09 75265 2.34 0 0
146 16 0.09 75217 2.34 0 0
148 16 0.09 75169 2.34 0 0
150 16 0.09 75120 2.34 0 0
152 16 0.09 75070 2.34 0 0
154 16 0.1 75019 2.34 0 0
156 16 0.1 74968 2.34 0 0
158 16 0.1 74915 2.33 0 0
160 16 0.1 74862 2.33 0 0
162 16 0.1 74804 2.33 0 0
164 16 0.11 74748 2.33 0 0
166 16 0.11 74688 2.33 0 0
168 16 0.11 74627 2.32 0 0
170 16 0.11 74563 2.32 0 0
172 16 0.11 74500 2.32 0 0
174 16 0.12 74436 2.32 0 0
176 16 0.12 74368 2.32 0 0
178 16 0.12 74299 2.31 0 0
180 16 0.12 74228 2.31 0 0
182 16 0.13 74157 2.31 0 0
184 16 0.13 74086 2.31 0 0
186 16 0.13 74011 2.31 0 0
188 16 0.14 73933 2.3 0 0
190 16 0.14 73853 2.3 0 0
192 16 0.14 73772 2.3 0 0
194 16 0.14 73687 2.3 0 0
196 16 0.15 73602 2.29 0 0
198 17 0.15 73514 2.29 0 0
200 21 0.15 73424 2.29 0 0
202 30 0.16 73336 2.28 0 0
204 32 0.16 73251 2.28 0 0
206 32 0.16 73162 2.28 0 0
208 32 0.17 73067 2.28 0 0
210 32 0.17 72974 2.27 0 0
212 32 0.17 72879 2.27 0 0
214 32 0.18 72784 2.27 0 0
216 32 0.18 72686 2.26 0 0
218 32 0.19 72586 2.26 0 0
220 32 0.19 72484 2.26 0 0
222 32 0.19 72379 2.25 0 0
224 32 0.2 72269 2.25 0 0
226 32 0.2 72155 2.25 0 0
228 32 0.21 72045 2.24 0 0
230 32 0.21 71926 2.24 0 0
232 32 0.21 71807 2.24 0 0
234 32 0.22 71679 2.23 0 0
236 32 0.22 71556 2.23 0 0
238 32 0.23 71428 2.22 0 0
240 32 0.23 71301 2.22 0 0
242 32 0.24 71169 2.22 0 0
244 32 0.24 71032 2.21 0 0
246 32 0.25 70888 2.21 0 0
248 32 0.25 70743 2.2 0 0
250 32 0.26 70599 2.2 0 0
252 32 0.26 70447 2.19 0 0
254 32 0.27 70293 2.19 0 0
256 32 0.28 70136 2.18 0 0
258 32 0.28 69972 2.18 0 0
260 32 0.29 69808 2.17 0 0
262 32 0.29 69641 2.17 0 0
264 33 0.3 69469 2.16 0 0
266 43 0.31 69296 2.16 0 0
268 57 0.31 69118 2.15 0 0
270 63 0.32 68945 2.15 0 0
272 64 0.33 68765 2.14 0 0
274 64 0.33 68579 2.14 0 0
276 64 0.34 68388 2.13 0 0
278 64 0.35 68194 2.12 0 0
280 64 0.36 68004 2.12 0 0
282 64 0.36 67811 2.11 0 0
284 64 0.37 67614 2.11 0 0
286 64 0.38 67414 2.1 0 0
288 64 0.39 67205 2.09 0 0
290 64 0.39 66994 2.09 0 0
292 64 0.4 66774 2.08 0 0
294 64 0.41 66551 2.07 0 0
296 64 0.42 66315 2.07 0 0
298 64 0.43 66074 2.06 0 0
300 64 0.44 65826 2.05 0 0
302 64 0.45 65582 2.04 0 0
304 64 0.45 65330 2.03 0 0
306 64 0.46 65071 2.03 0 0
308 64 0.47 64805 2.02 0 0
310 64 0.48 64536 2.01 0 0
312 64 0.49 64258 2.0 0 0
314 64 0.51 63975 1.99 0 0
316 64 0.52 63682 1.98 0 0
318 64 0.53 63379 1.97 0 0
320 64 0.54 63070 1.96 0 0
322 64 0.55 62753 1.95 0 0
324 64 0.56 62431 1.94 0 0
326 64 0.57 62104 1.93 0 0
328 64 0.59 61767 1.92 0 0
330 65 0.6 61419 1.91 0 0
332 81 0.61 61072 1.9 0 0
334 110 0.63 60712 1.89 0 0
336 124 0.64 60360 1.88 0 0
338 128 0.65 60001 1.87 0 0
340 128 0.67 59638 1.86 0 0
342 128 0.68 59259 1.85 0 0
344 128 0.69 58881 1.83 0 0
346 128 0.71 58497 1.82 0 0
348 128 0.72 58107 1.81 0 0
350 128 0.74 57711 1.8 0 0
352 128 0.75 57304 1.78 0 0
354 128 0.77 56889 1.77 0 0
356 128 0.78 56470 1.76 0 0
358 128 0.8 56032 1.75 0 0
360 128 0.82 55589 1.73 0 0
362 128 0.83 55136 1.72 0 0
364 128 0.85 54661 1.7 0 0
366 128 0.87 54167 1.69 0 0
368 128 0.89 53669 1.67 0 0
370 128 0.91 53158 1.66 0 0
372 128 0.93 52639 1.64 0 0
374 128 0.95 52112 1.62 0 0
376 128 0.97 51569 1.61 0 0
378 128 0.99 51016 1.59 0 0
380 128 1.01 50454 1.57 0 0
382 128 1.03 49870 1.55 0 0
384 128 1.05 49279 1.54 0 0
386 128 1.07 48659 1.52 0 0
388 128 1.1 48023 1.5 0 0
390 128 1.12 47374 1.48 0 0
392 128 1.15 46725 1.46 0 0
394 128 1.17 46053 1.43 0 0
396 136 1.2 45382 1.41 0 0
398 160 1.22 44679 1.39 0 0
400 211 1.25 43970 1.37 0 0
402 242 1.28 43265 1.35 0 0
404 254 1.3 42545 1.32 0 0
406 256 1.33 41820 1.3 0 0
408 256 1.36 41074 1.28 0 0
410 256 1.38 40314 1.26 0 0
412 256 1.41 39543 1.23 0 0
414 256 1.44 38760 1.21 0 0
416 256 1.47 37973 1.18 0 0
418 256 1.5 37171 1.16 0 0
420 256 1.53 36351 1.13 0 0
422 256 1.56 35515 1.11 0 0
424 256 1.59 34650 1.08 0 0
426 256 1.63 33751 1.05 0 0
428 256 1.66 32830 1.02 0 0
430 256 1.7 31878 0.99 0 0
432 256 1.73 30909 0.96 0 0
434 256 1.77 29913 0.93 0 0
436 256 1.81 28900 0.9 0 0
438 256 1.85 27870 0.87 0 0
440 256 1.88 26825 0.84 0 0
442 256 1.92 25745 0.8 0 0
444 256 1.97 24646 0.77 0 0
446 256 2.01 23525 0.73 0 0
448 256 2.05 22363 0.7 0 0
450 256 2.1 21160 0.66 0 0
452 256 2.14 19941 0.62 0 0
454 256 2.19 18673 0.58 0 0
456 256 2.24 17400 0.54 0 0
458 256 2.28 16093 0.5 0 0
460 257 2.33 14751 0.46 0 0
462 271 2.38 13386 0.42 0 2
464 321 2.44 11989 0.37 0 0
466 408 2.49 10572 0.33 0 0
468 464 2.54 9200 0.29 0 4
470 498 2.59 7859 0.25 0 17
472 508 2.63 6651 0.21 0 62
474 509 2.68 5470 0.17 0 81
476 511 2.72 4401 0.14 0 112
478 511 2.75 3559 0.11 0 190
480 512 2.78 2846 0.09 0 241
482 512 2.8 2226 0.07 0 282
484 512 2.82 1595 0.05 0 281
486 512 2.84 989 0.03 0 292
488 512 2.86 439 0.01 0 311
490 512 2.88 31 0.0 0 350
492 512 2.88 0 0.0 0 490
494 512 2.88 0 0.0 0 512
496 512 2.88 0 0.0 0 512
498 512 2.88 0 0.0 0 512
500 512 2.88 0 0.0 0 512
502 512 2.88 0 0.0 0 512
504 512 2.88 0 0.0 0 512
506 512 2.88 0 0.0 0 512
508 512 2.88 0 0.0 0 512
510 512 2.88 0 0.0 0 512
512 512 2.88 0 0.0 0 512
514 512 2.88 0 0.0 0 512
516 512 2.88 0 0.0 0 512
518 512 2.88 0 0.0 0 512
520 512 2.88 0 0.0 0 512
522 512 2.88 0 0.0 0 512
524 512 2.88 0 0.0 0 512
526 512 2.88 0 0.0 0 512
528 512 2.88 0 0.0 0 512
530 512 2.88 0 0.0 0 512
532 512 2.88 0 0.0 0 512
534 512 2.88 0 0.0 0 512
536 512 2.88 0 0.0 0 512
538 512 2.88 0 0.0 0 512
540 512 2.88 0 0.0 0 512
542 512 2.88 0 0.0 0 512
544 512 2.88 0 0.0 0 512
546 512 2.88 0 0.0 0 512
548 512 2.88 0 0.0 0 512
550 512 2.88 0 0.0 0 512
552 512 2.88 0 0.0 0 512
554 512 2.88 0 0.0 0 512
556 512 2.88 0 0.0 0 512
558 512 2.88 0 0.0 0 512
560 512 2.88 0 0.0 0 512
562 512 2.88 0 0.0 0 512
564 512 2.88 0 0.0 0 512
566 512 2.88 0 0.0 0 512
568 512 2.88 0 0.0 0 512
570 512 2.88 0 0.0 0 512
572 512 2.88 0 0.0 0 512
574 512 2.88 0 0.0 0 512
576 512 2.88 0 0.0 0 512
578 512 2.88 0 0.0 0 512
580 512 2.88 0 0.0 0 512
582 512 2.88 0 0.0 0 512
584 512 2.88 0 0.0 0 512
586 512 2.88 0 0.0 0 512
588 512 2.88 0 0.0 0 512
590 512 2.88 0 0.0 0 512
592 512 2.88 0 0.0 0 512
594 512 2.88 0 0.0 0 512
596 512 2.88 0 0.0 0 512
598 512 2.88 0 0.0 0 512
600 512 2.88 0 0.0 0 512
602 512 2.88 0 0.0 0 512
604 512 2.88 0 0.0 0 512
606 512 2.88 0 0.0 0 512
608 512 2.88 0 0.0 0 512
610 512 2.88 0 0.0 0 512
612 512 2.88 0 0.0 0 512
614 512 2.88 0 0.0 0 512
616 512 2.88 0 0.0 0 512
618 512 2.88 0 0.0 0 512
620 512 2.88 0 0.0 0 512
622 512 2.88 0 0.0 0 512
624 512 2.88 0 0.0 0 512
626 512 2.88 0 0.0 0 512
628 512 2.88 0 0.0 0 512
630 512 2.88 0 0.0 0 512
632 512 2.88 0 0.0 0 512
634 512 2.88 0 0.0 0 512
636 512 2.88 0 0.0 0 512
638 512 2.88 0 0.0 0 512
640 512 2.88 0 0.0 0 512
642 512 2.88 0 0.0 0 512
644 512 2.88 0 0.0 0 512
646 512 2.88 0 0.0 0 512
648 512 2.88 0 0.0 0 512
650 512 2.88 0 0.0 0 512
652 512 2.88 0 0.0 0 512
654 512 2.88 0 0.0 0 512
656 512 2.88 0 0.0 0 512
658 512 2.88 0 0.0 0 512
660 512 2.88 0 0.0 0 512
662 512 2.88 0 0.0 0 512
664 512 2.88 0 0.0 0 512
666 512 2.88 0 0.0 0 512
668 512 2.88 0 0.0 0 512
670 512 2.88 0 0.0 0 512
672 512 2.88 0 0.0 0 512
674 512 2.88 0 0.0 0 512
676 512 2.88 0 0.0 0 512
678 512 2.88 0 0.0 0 512
680 512 2.88 0 0.0 0 512
682 512 2.88 0 0.0 0 512
684 512 2.88 0 0.0 0 512
686 512 2.88 0 0.0 0 512
688 512 2.88 0 0.0 0 512
690 512 2.88 0 0.0 0 512
692 512 2.88 0 0.0 0 512
694 512 2.88 0 0.0 0 512
696 512 2.88 0 0.0 0 512
698 512 2.88 0 0.0 0 512
700 512 2.88 0 0.0 0 512
702 512 2.88 0 0.0 0 512
704 512 2.88 0 0.0 0 512
706 512 2.88 0 0.0 0 512
708 512 2.88 0 0.0 0 512
710 512 2.88 0 0.0 0 512
712 512 2.88 0 0.0 0 512
714 512 2.88 0 0.0 0 512
716 512 2.88 0 0.0 0 512
718 512 2.88 0 0.0 0 512
720 512 2.88 0 0.0 0 512
722 512 2.88 0 0.0 0 512
724 512 2.88 0 0.0 0 512
726 512 2.88 0 0.0 0 512
728 512 2.88 0 0.0 0 512
730 512 2.88 0 0.0 0 512
732 512 2.88 0 0.0 0 512
734 512 2.88 0 0.0 0 512
736 512 2.88 0 0.0 0 512
738 512 2.88 0 0.0 0 512
740 512 2.88 0 0.0 0 512
742 512 2.88 0 0.0 0 512
744 512 2.88 0 0.0 0 512
746 512 2.88 0 0.0 0 512
748 512 2.88 0 0.0 0 512
750 512 2.88 0 0.0 0 512
752 512 2.88 0 0.0 0 512
754 512 2.88 0 0.0 0 512
756 512 2.88 0 0.0 0 512
758 512 2.88 0 0.0 0 512
760 512 2.88 0 0.0 0 512
762 512 2.88 0 0.0 0 512
764 512 2.88 0 0.0 0 512
766 512 2.88 0 0.0 0 512
768 512 2.88 0 0.0 0 512
770 512 2.88 0 0.0 0 512
772 512 2.88 0 0.0 0 512
774 512 2.88 0 0.0 0 512
776 512 2.88 0 0.0 0 512
778 512 2.88 0 0.0 0 512
780 512 2.88 0 0.0 0 512
782 512 2.88 0 0.0 0 512
784 512 2.88 0 0.0 0 512
786 512 2.88 0 0.0 0 512
788 512 2.88 0 0.0 0 512
790 512 2.88 0 0.0 0 512
792 512 2.88 0 0.0 0 512
794 512 2.88 0 0.0 0 512
796 512 2.88 0 0.0 0 512
798 512 2.88 0 0.0 0 512
800 512 2.88 0 0.0 0 512
802 512 2.88 0 0.0 0 512
804 512 2.88 0 0.0 0 512
806 512 2.88 0 0.0 0 512
808 512 2.88 0 0.0 0 512
810 512 2.88 0 0.0 0 512
812 512 2.88 0 0.0 0 512
814 512 2.88 0 0.0 0 512
816 512 2.88 0 0.0 0 512
818 512 2.88 0 0.0 0 512
820 512 2.88 0 0.0 0 512
822 512 2.88 0 0.0 0 512
824 512 2.88 0 0.0 0 512
826 512 2.88 0 0.0 0 512
828 512 2.88 0 0.0 0 512
830 512 2.88 0 0.0 0 512
832 512 2.88 0 0.0 0 512
834 512 2.88 0 0.0 0 512
836 512 2.88 0 0.0 0 512
838 512 2.88 0 0.0 0 512
840 512 2.88 0 0.0 0 512
842 512 2.88 0 0.0 0 512
844 512 2.88 0 0.0 0 512
846 512 2.88 0 0.0 0 512
848 512 2.88 0 0.0 0 512
850 512 2.88 0 0.0 0 512
852 512 2.88 0 0.0 0 512
854 512 2.88 0 0.0 0 512
856 512 2.88 0 0.0 0 512
858 512 2.88 0 0.0 0 512
860 512 2.88 0 0.0 0 512
862 512 2.88 0 0.0 0 512
864 512 2.88 0 0.0 0 512
866 512 2.88 0 0.0 0 512
868 512 2.88 0 0.0 0 512
870 512 2.88 0 0.0 0 512
872 512 2.88 0 0.0 0 512
874 512 2.88 0 0.0 0 512
876 512 2.88 0 0.0 0 512
878 512 2.88 0 0.0 0 512
880 512 2.88 0 0.0 0 512
882 512 2.88 0 0.0 0 512
884 512 2.88 0 0.0 0 512
886 512 2.88 0 0.0 0 512
888 512 2.88 0 0.0 0 512
890 512 2.88 0 0.0 0 512
892 512 2.88 0 0.0 0 512
894 512 2.88 0 0.0 0 512
896 512 2.88 0 0.0 0 512
898 512 2.88 0 0.0 0 512
900 512 2.88 0 0.0 0 512
902 512 2.88 0 0.0 0 512
904 512 2.88 0 0.0 0 512
906 512 2.88 0 0.0 0 512
908 512 2.88 0 0.0 0 512
910 512 2.88 0 0.0 0 512
912 512 2.88 0 0.0 0 512
914 512 2.88 0 0.0 0 512
916 512 2.88 0 0.0 0 512
918 512 2.88 0 0.0 0 512
920 512 2.88 0 0.0 0 512
922 512 2.88 0 0.0 0 512
924 512 2.88 0 0.0 0 512
926 512 2.88 0 0.0 0 512
928 512 2.88 0 0.0 0 512
930 512 2.88 0 0.0 0 512
932 512 2.88 0 0.0 0 512
934 512 2.88 0 0.0 0 512
936 512 2.88 0 0.0 0 512
938 512 2.88 0 0.0 0 512
940 512 2.88 0 0.0 0 512
942 512 2.88 0 0.0 0 512
944 512 2.88 0 0.0 0 512
946 512 2.88 0 0.0 0 512
948 512 2.88 0 0.0 0 512
950 512 2.88 0 0.0 0 512
952 512 2.88 0 0.0 0 512
954 512 2.88 0 0.0 0 512
956 512 2.88 0 0.0 0 512
958 512 2.88 0 0.0 0 512
960 512 2.88 0 0.0 0 512
962 512 2.88 0 0.0 0 512
964 512 2.88 0 0.0 0 512
966 512 2.88 0 0.0 0 512
968 512 2.88 0 0.0 0 512
970 512 2.88 0 0.0 0 512
972 512 2.88 0 0.0 0 512
974 512 2.88 0 0.0 0 512
976 512 2.88 0 0.0 0 512
978 512 2.88 0 0.0 0 512
980 512 2.88 0 0.0 0 512
982 512 2.88 0 0.0 0 512
984 512 2.88 0 0.0 0 512
986 512 2.88 0 0.0 0 512
988 512 2.88 0 0.0 0 512
990 512 2.88 0 0.0 0 512
992 512 2.88 0 0.0 0 512
994 512 2.88 0 0.0 0 512
996 512 2.88 0 0.0 0 512
998 512 2.88 0 0.0 0 512
1000 512 2.88 0 0.0 0 512
1002 512 2.88 0 0.0 0 512
1004 512 2.88 0 0.0 0 512
1006 512 2.88 0 0.0 0 512
1008 512 2.88 0 0.0 0 512
1010 512 2.88 0 0.0 0 512
1012 512 2.88 0 0.0 0 512
1014 512 2.88 0 0.0 0 512
1016 512 2.88 0 0.0 0 512
1018 512 2.88 0 0.0 0 512
1020 512 2.88 0 0.0 0 512
1022 512 2.88 0 0.0 0 512
1024 512 2.88 0 0.0 0 512
1026 512 2.88 0 0.0 0 512
1028 512 2.88 0 0.0 0 512
1030 512 2.88 0 0.0 0 512
1032 512 2.88 0 0.0 0 512
1034 512 2.88 0 0.0 0 512
1036 512 2.88 0 0.0 0 512
1038 512 2.88 0 0.0 0 512
1040 512 2.88 0 0.0 0 512
1042 512 2.88 0 0.0 0 512
1044 512 2.88 0 0.0 0 512
1046 512 2.88 0 0.0 0 512
1048 512 2.88 0 0.0 0 512
1050 512 2.88 0 0.0 0 512
1052 512 2.88 0 0.0 0 512
1054 512 2.88 0 0.0 0 512
1056 512 2.88 0 0.0 0 512
1058 512 2.88 0 0.0 0 512
1060 512 2.88 0 0.0 0 512
1062 512 2.88 0 0.0 0 512
1064 512 2.88 0 0.0 0 512
1066 512 2.88 0 0.0 0 512
1068 512 2.88 0 0.0 0 512
1070 512 2.88 0 0.0 0 512
1072 512 2.88 0 0.0 0 512
1074 512 2.88 0 0.0 0 512
1076 512 2.88 0 0.0 0 512
1078 512 2.88 0 0.0 0 512
1080 512 2.88 0 0.0 0 512
1082 512 2.88 0 0.0 0 512
1084 512 2.88 0 0.0 0 512
1086 512 2.88 0 0.0 0 512
1088 512 2.88 0 0.0 0 512
1090 512 2.88 0 0.0 0 512
1092 512 2.88 0 0.0 0 512
1094 512 2.88 0 0.0 0 512
1096 512 2.88 0 0.0 0 512
1098 512 2.88 0 0.0 0 512
1100 512 2.88 0 0.0 0 512
1102 512 2.88 0 0.0 0 512
1104 512 2.88 0 0.0 0 512
1106 512 2.88 0 0.0 0 512
1108 512 2.88 0 0.0 0 512
1110 512 2.88 0 0.0 0 512
1112 512 2.88 0 0.0 0 512
1114 512 2.88 0 0.0 0 512
1116 512 2.88 0 0.0 0 512
1118 512 2.88 0 0.0 0 512
1120 512 2.88 0 0.0 0 512
1122 512 2.88 0 0.0 0 512
1124 512 2.88 0 0.0 0 512
1126 512 2.88 0 0.0 0 512
1128 512 2.88 0 0.0 0 512
1130 512 2.88 0 0.0 0 512
1132 512 2.88 0 0.0 0 512
1134 512 2.88 0 0.0 0 512
1136 512 2.88 0 0.0 0 512
1138 512 2.88 0 0.0 0 512
1140 512 2.88 0 0.0 0 512
1142 512 2.88 0 0.0 0 512
1144 512 2.88 0 0.0 0 512
1146 512 2.88 0 0.0 0 512
1148 512 2.88 0 0.0 0 512
1150 512 2.88 0 0.0 0 512
1152 512 2.88 0 0.0 0 512
1154 512 2.88 0 0.0 0 512
1156 512 2.88 0 0.0 0 512
1158 512 2.88 0 0.0 0 512
1160 512 2.88 0 0.0 0 512
1162 512 2.88 0 0.0 0 512
1164 512 2.88 0 0.0 0 512
1166 512 2.88 0 0.0 0 512
1168 512 2.88 0 0.0 0 512
1170 512 2.88 0 0.0 0 512
1172 512 2.88 0 0.0 0 512
1174 512 2.88 0 0.0 0 512
1176 512 2.88 0 0.0 0 512
1178 512 2.88 0 0.0 0 512
1180 512 2.88 0 0.0 0 512
1182 512 2.88 0 0.0 0 512
1184 512 2.88 0 0.0 0 512
1186 512 2.88 0 0.0 0 512
1188 512 2.88 0 0.0 0 512
1190 512 2.88 0 0.0 0 512
1192 512 2.88 0 0.0 0 512
1194 512 2.88 0 0.0 0 512
1196 512 2.88 0 0.0 0 512
1198 512 2.88 0 0.0 0 512
1200 512 2.88 0 0.0 0 512
1202 512 2.88 0 0.0 0 512
1204 512 2.88 0 0.0 0 512
1206 512 2.88 0 0.0 0 512
1208 512 2.88 0 0.0 0 512
1210 512 2.88 0 0.0 0 512
1212 512 2.88 0 0.0 0 512
1214 512 2.88 0 0.0 0 512
1216 512 2.88 0 0.0 0 512
1218 512 2.88 0 0.0 0 512
1220 512 2.88 0 0.0 0 512
1222 512 2.88 0 0.0 0 512
1224 512 2.88 0 0.0 0 512
1226 512 2.88 0 0.0 0 512
1228 512 2.88 0 0.0 0 512
1230 512 2.88 0 0.0 0 512
1232 512 2.88 0 0.0 0 512
1234 512 2.88 0 0.0 0 512
1236 512 2.88 0 0.0 0 512
1238 512 2.88 0 0.0 0 512
1240 512 2.88 0 0.0 0 512
1242 512 2.88 0 0.0 0 512
1244 512 2.88 0 0.0 0 512
1246 512 2.88 0 0.0 0 512
1248 512 2.88 0 0.0 0 512
1250 512 2.88 0 0.0 0 512
1252 512 2.88 0 0.0 0 512
1254 512 2.88 0 0.0 0 512
1256 512 2.88 0 0.0 0 512
1258 512 2.88 0 0.0 0 512
1260 511 2.88 0 0.0 1 512
1262 511 2.88 0 0.0 1 511
1264 511 2.88 0 0.0 1 511
1266 511 2.88 0 0.0 1 511
1268 511 2.88 0 0.0 1 511
1270 511 2.88 0 0.0 1 511
1272 511 2.88 0 0.0 1 511
1274 511 2.88 0 0.0 1 511
1276 511 2.88 0 0.0 1 511
1278 511 2.88 0 0.0 1 511
1280 511 2.88 0 0.0 1 511
1282 511 2.88 0 0.0 1 511
1284 511 2.88 0 0.0 1 511
1286 511 2.88 0 0.0 1 511
1288 511 2.88 0 0.0 1 511
1290 511 2.88 0 0.0 1 511
1292 511 2.88 0 0.0 1 511
1294 511 2.88 0 0.0 1 511
1296 511 2.88 0 0.0 1 511
1298 511 2.88 0 0.0 1 511
1300 511 2.88 0 0.0 1 511
1302 511 2.88 0 0.0 1 511
1304 511 2.88 0 0.0 1 511
1306 511 2.88 0 0.0 1 511
1308 511 2.88 0 0.0 1 511
1310 511 2.88 0 0.0 1 511
1312 511 2.88 0 0.0 1 511
1314 511 2.88 0 0.0 1 511
1316 511 2.88 0 0.0 1 511
1318 511 2.88 0 0.0 1 511
1320 511 2.88 0 0.0 1 511
1322 511 2.88 0 0.0 1 511
1324 511 2.88 0 0.0 1 511
1326 511 2.88 0 0.0 1 511
1328 511 2.88 0 0.0 1 511
1330 511 2.88 0 0.0 1 511
1332 511 2.88 0 0.0 1 511
1334 511 2.88 0 0.0 1 511
1336 511 2.88 0 0.0 1 511
1338 511 2.88 0 0.0 1 511
1340 511 2.88 0 0.0 1 511
1342 511 2.88 0 0.0 1 511
1344 511 2.88 0 0.0 1 511
1346 511 2.88 0 0.0 1 511
1348 511 2.88 0 0.0 1 511
1350 511 2.88 0 0.0 1 511
1352 511 2.88 0 0.0 1 511
1354 511 2.88 0 0.0 1 511
1356 511 2.88 0 0.0 1 511
1358 511 2.88 0 0.0 1 511
1360 511 2.88 0 0.0 1 511
1362 511 2.88 0 0.0 1 511
1364 511 2.88 0 0.0 1 511
1366 511 2.88 0 0.0 1 511
1368 511 2.88 0 0.0 1 511
1370 511 2.88 0 0.0 1 511
1372 511 2.88 0 0.0 1 511
1374 511 2.88 0 0.0 1 511
1376 511 2.88 0 0.0 1 511
1378 511 2.88 0 0.0 1 511
1380 511 2.88 0 0.0 1 511
1382 511 2.88 0 0.0 1 511
1384 511 2.88 0 0.0 1 511
1386 511 2.88 0 0.0 1 511
1388 511 2.88 0 0.0 1 511
1390 511 2.88 0 0.0 1 511
1392 511 2.88 0 0.0 1 511
1394 511 2.88 0 0.0 1 511
1396 511 2.88 0 0.0 1 511
1398 511 2.88 0 0.0 1 511
1400 511 2.88 0 0.0 1 511
1402 511 2.88 0 0.0 1 511
1404 511 2.88 0 0.0 1 511
1406 511 2.88 0 0.0 1 511
1408 511 2.88 0 0.0 1 511
1410 511 2.88 0 0.0 1 511
1412 511 2.88 0 0.0 1 511
1414 511 2.88 0 0.0 1 511
1416 511 2.88 0 0.0 1 511
1418 511 2.88 0 0.0 1 511
1420 511 2.88 0 0.0 1 511
1422 511 2.88 0 0.0 1 511
1424 511 2.88 0 0.0 1 511
1426 511 2.88 0 0.0 1 511
1428 511 2.88 0 0.0 1 511
1430 511 2.88 0 0.0 1 511
1432 511 2.88 0 0.0 1 511
1434 511 2.88 0 0.0 1 511
1436 511 2.88 0 0.0 1 511
1438 511 2.88 0 0.0 1 511
1440 511 2.88 0 0.0 1 511
