Time PAO1_Count PAO1_Conc Acetate_Count Acetate_Conc PAO1_Died bacteria_couldn't_eat
0 4 0.02 77081 2.4 0 0
2 4 0.02 77081 2.4 0 0
4 4 0.03 76931 2.4 0 0
6 4 0.03 76730 2.39 0 0
8 8 0.05 76457 2.38 0 0
10 8 0.06 76093 2.37 0 0
12 16 0.08 75610 2.36 0 0
14 16 0.11 74962 2.34 0 0
16 16 0.15 74096 2.31 0 0
18 32 0.19 72979 2.27 0 0
20 32 0.26 71458 2.23 0 0
22 60 0.34 69501 2.17 0 0
24 64 0.46 66843 2.08 0 0
26 111 0.6 63443 1.98 0 0
28 125 0.79 59040 1.84 0 1
30 128 1.03 53516 1.67 0 4
32 199 1.28 47615 1.48 0 7
34 214 1.5 42319 1.32 0 36
36 245 1.69 37842 1.18 0 56
38 264 1.83 34286 1.07 0 84
40 274 1.98 30832 0.96 0 103
42 302 2.12 27295 0.85 0 132
44 325 2.27 23816 0.74 0 150
46 347 2.42 20160 0.63 0 164
48 371 2.58 16371 0.51 0 189
50 395 2.75 12241 0.38 0 211
52 421 2.92 8062 0.25 0 220
54 439 3.09 4069 0.13 0 258
56 460 3.22 897 0.03 0 286
58 465 3.25 9 0.0 0 339
60 465 3.25 0 0.0 0 456
62 465 3.25 0 0.0 0 465
64 465 3.25 0 0.0 0 465
66 465 3.25 0 0.0 0 465
68 465 3.25 0 0.0 0 465
70 465 3.25 0 0.0 0 465
72 465 3.25 0 0.0 0 465
74 465 3.25 0 0.0 0 465
76 465 3.25 0 0.0 0 465
78 465 3.25 0 0.0 0 465
80 465 3.25 0 0.0 0 465
82 465 3.25 0 0.0 0 465
84 465 3.25 0 0.0 0 465
86 465 3.25 0 0.0 0 465
88 465 3.25 0 0.0 0 465
90 465 3.25 0 0.0 0 465
92 465 3.25 0 0.0 0 465
94 465 3.25 0 0.0 0 465
96 465 3.25 0 0.0 0 465
98 465 3.25 0 0.0 0 465
100 465 3.25 0 0.0 0 465
102 465 3.25 0 0.0 0 465
104 465 3.25 0 0.0 0 465
106 465 3.25 0 0.0 0 465
108 465 3.25 0 0.0 0 465
110 465 3.25 0 0.0 0 465
112 465 3.25 0 0.0 0 465
114 465 3.25 0 0.0 0 465
116 465 3.25 0 0.0 0 465
118 465 3.25 0 0.0 0 465
120 465 3.25 0 0.0 0 465
122 465 3.25 0 0.0 0 465
124 465 3.25 0 0.0 0 465
126 465 3.25 0 0.0 0 465
128 465 3.25 0 0.0 0 465
130 465 3.25 0 0.0 0 465
132 465 3.25 0 0.0 0 465
134 465 3.25 0 0.0 0 465
136 465 3.25 0 0.0 0 465
138 465 3.25 0 0.0 0 465
140 465 3.25 0 0.0 0 465
142 465 3.25 0 0.0 0 465
144 465 3.25 0 0.0 0 465
146 465 3.25 0 0.0 0 465
148 465 3.25 0 0.0 0 465
150 465 3.25 0 0.0 0 465
152 465 3.25 0 0.0 0 465
154 465 3.25 0 0.0 0 465
156 465 3.25 0 0.0 0 465
158 465 3.25 0 0.0 0 465
160 465 3.25 0 0.0 0 465
162 465 3.25 0 0.0 0 465
164 465 3.25 0 0.0 0 465
166 465 3.25 0 0.0 0 465
168 465 3.25 0 0.0 0 465
170 465 3.25 0 0.0 0 465
172 465 3.25 0 0.0 0 465
174 465 3.25 0 0.0 0 465
176 465 3.25 0 0.0 0 465
178 465 3.25 0 0.0 0 465
180 465 3.25 0 0.0 0 465
182 465 3.25 0 0.0 0 465
184 465 3.25 0 0.0 0 465
186 465 3.25 0 0.0 0 465
188 465 3.25 0 0.0 0 465
190 465 3.25 0 0.0 0 465
192 465 3.25 0 0.0 0 465
194 465 3.25 0 0.0 0 465
196 465 3.25 0 0.0 0 465
198 465 3.25 0 0.0 0 465
200 465 3.25 0 0.0 0 465
202 465 3.25 0 0.0 0 465
204 465 3.25 0 0.0 0 465
206 465 3.25 0 0.0 0 465
208 465 3.25 0 0.0 0 465
210 465 3.25 0 0.0 0 465
212 465 3.25 0 0.0 0 465
214 465 3.25 0 0.0 0 465
216 465 3.25 0 0.0 0 465
218 465 3.25 0 0.0 0 465
220 465 3.25 0 0.0 0 465
222 465 3.25 0 0.0 0 465
224 465 3.25 0 0.0 0 465
226 465 3.25 0 0.0 0 465
228 465 3.25 0 0.0 0 465
230 465 3.25 0 0.0 0 465
232 465 3.25 0 0.0 0 465
234 465 3.25 0 0.0 0 465
236 465 3.25 0 0.0 0 465
238 465 3.25 0 0.0 0 465
240 465 3.25 0 0.0 0 465
242 465 3.25 0 0.0 0 465
244 465 3.25 0 0.0 0 465
246 465 3.25 0 0.0 0 465
248 465 3.25 0 0.0 0 465
250 465 3.25 0 0.0 0 465
252 465 3.25 0 0.0 0 465
254 465 3.25 0 0.0 0 465
256 465 3.25 0 0.0 0 465
258 465 3.25 0 0.0 0 465
260 465 3.25 0 0.0 0 465
262 465 3.25 0 0.0 0 465
264 465 3.25 0 0.0 0 465
266 465 3.25 0 0.0 0 465
268 465 3.25 0 0.0 0 465
270 465 3.25 0 0.0 0 465
272 465 3.25 0 0.0 0 465
274 465 3.25 0 0.0 0 465
276 465 3.25 0 0.0 0 465
278 465 3.25 0 0.0 0 465
280 465 3.25 0 0.0 0 465
282 465 3.25 0 0.0 0 465
284 465 3.25 0 0.0 0 465
286 465 3.25 0 0.0 0 465
288 465 3.25 0 0.0 0 465
290 465 3.25 0 0.0 0 465
292 465 3.25 0 0.0 0 465
294 465 3.25 0 0.0 0 465
296 465 3.25 0 0.0 0 465
298 465 3.25 0 0.0 0 465
300 465 3.25 0 0.0 0 465
302 465 3.25 0 0.0 0 465
304 465 3.25 0 0.0 0 465
306 465 3.25 0 0.0 0 465
308 465 3.25 0 0.0 0 465
310 465 3.25 0 0.0 0 465
312 465 3.25 0 0.0 0 465
314 465 3.25 0 0.0 0 465
316 465 3.25 0 0.0 0 465
318 465 3.25 0 0.0 0 465
320 465 3.25 0 0.0 0 465
322 465 3.25 0 0.0 0 465
324 465 3.25 0 0.0 0 465
326 465 3.25 0 0.0 0 465
328 465 3.25 0 0.0 0 465
330 465 3.25 0 0.0 0 465
332 465 3.25 0 0.0 0 465
334 465 3.25 0 0.0 0 465
336 465 3.25 0 0.0 0 465
338 465 3.25 0 0.0 0 465
340 465 3.25 0 0.0 0 465
342 465 3.25 0 0.0 0 465
344 465 3.25 0 0.0 0 465
346 465 3.25 0 0.0 0 465
348 465 3.25 0 0.0 0 465
350 465 3.25 0 0.0 0 465
352 465 3.25 0 0.0 0 465
354 465 3.25 0 0.0 0 465
356 465 3.25 0 0.0 0 465
358 465 3.25 0 0.0 0 465
360 465 3.25 0 0.0 0 465
362 465 3.25 0 0.0 0 465
364 465 3.25 0 0.0 0 465
366 465 3.25 0 0.0 0 465
368 465 3.25 0 0.0 0 465
370 465 3.25 0 0.0 0 465
372 465 3.25 0 0.0 0 465
374 465 3.25 0 0.0 0 465
376 465 3.25 0 0.0 0 465
378 465 3.25 0 0.0 0 465
380 465 3.25 0 0.0 0 465
382 465 3.25 0 0.0 0 465
384 465 3.25 0 0.0 0 465
386 465 3.25 0 0.0 0 465
388 465 3.25 0 0.0 0 465
390 465 3.25 0 0.0 0 465
392 465 3.25 0 0.0 0 465
394 465 3.25 0 0.0 0 465
396 465 3.25 0 0.0 0 465
398 465 3.25 0 0.0 0 465
400 465 3.25 0 0.0 0 465
402 465 3.25 0 0.0 0 465
404 465 3.25 0 0.0 0 465
406 465 3.25 0 0.0 0 465
408 465 3.25 0 0.0 0 465
410 465 3.25 0 0.0 0 465
412 465 3.25 0 0.0 0 465
414 465 3.25 0 0.0 0 465
416 465 3.25 0 0.0 0 465
418 465 3.25 0 0.0 0 465
420 465 3.25 0 0.0 0 465
422 465 3.25 0 0.0 0 465
424 465 3.25 0 0.0 0 465
426 465 3.25 0 0.0 0 465
428 465 3.25 0 0.0 0 465
430 465 3.25 0 0.0 0 465
432 465 3.25 0 0.0 0 465
434 465 3.25 0 0.0 0 465
436 465 3.25 0 0.0 0 465
438 465 3.25 0 0.0 0 465
440 465 3.25 0 0.0 0 465
442 465 3.25 0 0.0 0 465
444 465 3.25 0 0.0 0 465
446 465 3.25 0 0.0 0 465
448 465 3.25 0 0.0 0 465
450 465 3.25 0 0.0 0 465
452 465 3.25 0 0.0 0 465
454 465 3.25 0 0.0 0 465
456 465 3.25 0 0.0 0 465
458 465 3.25 0 0.0 0 465
460 465 3.25 0 0.0 0 465
462 465 3.25 0 0.0 0 465
464 465 3.25 0 0.0 0 465
466 465 3.25 0 0.0 0 465
468 465 3.25 0 0.0 0 465
470 465 3.25 0 0.0 0 465
472 465 3.25 0 0.0 0 465
474 465 3.25 0 0.0 0 465
476 465 3.25 0 0.0 0 465
478 465 3.25 0 0.0 0 465
480 465 3.25 0 0.0 0 465
482 465 3.25 0 0.0 0 465
484 465 3.25 0 0.0 0 465
486 465 3.25 0 0.0 0 465
488 465 3.25 0 0.0 0 465
490 465 3.25 0 0.0 0 465
492 465 3.25 0 0.0 0 465
494 465 3.25 0 0.0 0 465
496 465 3.25 0 0.0 0 465
498 465 3.25 0 0.0 0 465
500 465 3.25 0 0.0 0 465
502 465 3.25 0 0.0 0 465
504 465 3.25 0 0.0 0 465
506 465 3.25 0 0.0 0 465
508 465 3.25 0 0.0 0 465
510 465 3.25 0 0.0 0 465
512 465 3.25 0 0.0 0 465
514 465 3.25 0 0.0 0 465
516 465 3.25 0 0.0 0 465
518 465 3.25 0 0.0 0 465
520 465 3.25 0 0.0 0 465
522 465 3.25 0 0.0 0 465
524 465 3.25 0 0.0 0 465
526 465 3.25 0 0.0 0 465
528 465 3.25 0 0.0 0 465
530 465 3.25 0 0.0 0 465
532 465 3.25 0 0.0 0 465
534 465 3.25 0 0.0 0 465
536 465 3.25 0 0.0 0 465
538 465 3.25 0 0.0 0 465
540 465 3.25 0 0.0 0 465
542 465 3.25 0 0.0 0 465
544 465 3.25 0 0.0 0 465
546 465 3.25 0 0.0 0 465
548 465 3.25 0 0.0 0 465
550 465 3.25 0 0.0 0 465
552 465 3.25 0 0.0 0 465
554 465 3.25 0 0.0 0 465
556 465 3.25 0 0.0 0 465
558 465 3.25 0 0.0 0 465
560 465 3.25 0 0.0 0 465
562 465 3.25 0 0.0 0 465
564 465 3.25 0 0.0 0 465
566 465 3.25 0 0.0 0 465
568 465 3.25 0 0.0 0 465
570 465 3.25 0 0.0 0 465
572 465 3.25 0 0.0 0 465
574 465 3.25 0 0.0 0 465
576 465 3.25 0 0.0 0 465
578 465 3.25 0 0.0 0 465
580 465 3.25 0 0.0 0 465
582 465 3.25 0 0.0 0 465
584 465 3.25 0 0.0 0 465
586 465 3.25 0 0.0 0 465
588 465 3.25 0 0.0 0 465
590 465 3.25 0 0.0 0 465
592 465 3.25 0 0.0 0 465
594 465 3.25 0 0.0 0 465
596 465 3.25 0 0.0 0 465
598 465 3.25 0 0.0 0 465
600 465 3.25 0 0.0 0 465
602 465 3.25 0 0.0 0 465
604 465 3.25 0 0.0 0 465
606 465 3.25 0 0.0 0 465
608 465 3.25 0 0.0 0 465
610 465 3.25 0 0.0 0 465
612 465 3.25 0 0.0 0 465
614 465 3.25 0 0.0 0 465
616 465 3.25 0 0.0 0 465
618 465 3.25 0 0.0 0 465
620 465 3.25 0 0.0 0 465
622 465 3.25 0 0.0 0 465
624 465 3.25 0 0.0 0 465
626 465 3.25 0 0.0 0 465
628 465 3.25 0 0.0 0 465
630 465 3.25 0 0.0 0 465
632 465 3.25 0 0.0 0 465
634 465 3.25 0 0.0 0 465
636 465 3.25 0 0.0 0 465
638 465 3.25 0 0.0 0 465
640 465 3.25 0 0.0 0 465
642 465 3.25 0 0.0 0 465
644 465 3.25 0 0.0 0 465
646 465 3.25 0 0.0 0 465
648 465 3.25 0 0.0 0 465
650 465 3.25 0 0.0 0 465
652 465 3.25 0 0.0 0 465
654 465 3.25 0 0.0 0 465
656 465 3.25 0 0.0 0 465
658 465 3.25 0 0.0 0 465
660 465 3.25 0 0.0 0 465
662 465 3.25 0 0.0 0 465
664 465 3.25 0 0.0 0 465
666 465 3.25 0 0.0 0 465
668 465 3.25 0 0.0 0 465
670 465 3.25 0 0.0 0 465
672 465 3.25 0 0.0 0 465
674 464 3.24 0 0.0 1 465
676 464 3.24 0 0.0 1 464
678 464 3.24 0 0.0 1 464
680 464 3.24 0 0.0 1 464
682 464 3.24 0 0.0 1 464
684 464 3.24 0 0.0 1 464
686 464 3.24 0 0.0 1 464
688 464 3.24 0 0.0 1 464
690 464 3.24 0 0.0 1 464
692 464 3.24 0 0.0 1 464
694 464 3.24 0 0.0 1 464
696 464 3.24 0 0.0 1 464
698 464 3.24 0 0.0 1 464
700 464 3.24 0 0.0 1 464
702 464 3.24 0 0.0 1 464
704 464 3.24 0 0.0 1 464
706 464 3.24 0 0.0 1 464
708 464 3.24 0 0.0 1 464
710 464 3.24 0 0.0 1 464
712 464 3.24 0 0.0 1 464
714 464 3.24 0 0.0 1 464
716 464 3.24 0 0.0 1 464
718 464 3.24 0 0.0 1 464
720 464 3.24 0 0.0 1 464
722 464 3.24 0 0.0 1 464
724 464 3.24 0 0.0 1 464
726 464 3.24 0 0.0 1 464
728 464 3.24 0 0.0 1 464
730 464 3.24 0 0.0 1 464
732 464 3.24 0 0.0 1 464
734 464 3.24 0 0.0 1 464
736 464 3.24 0 0.0 1 464
738 464 3.24 0 0.0 1 464
740 464 3.24 0 0.0 1 464
742 464 3.24 0 0.0 1 464
744 464 3.24 0 0.0 1 464
746 464 3.24 0 0.0 1 464
748 464 3.24 0 0.0 1 464
750 464 3.24 0 0.0 1 464
752 464 3.24 0 0.0 1 464
754 464 3.24 0 0.0 1 464
756 464 3.24 0 0.0 1 464
758 464 3.24 0 0.0 1 464
760 464 3.24 0 0.0 1 464
762 464 3.24 0 0.0 1 464
764 464 3.24 0 0.0 1 464
766 464 3.24 0 0.0 1 464
768 464 3.24 0 0.0 1 464
770 464 3.24 0 0.0 1 464
772 464 3.24 0 0.0 1 464
774 464 3.24 0 0.0 1 464
776 464 3.24 0 0.0 1 464
778 464 3.24 0 0.0 1 464
780 464 3.24 0 0.0 1 464
782 464 3.24 0 0.0 1 464
784 464 3.24 0 0.0 1 464
786 464 3.24 0 0.0 1 464
788 464 3.24 0 0.0 1 464
790 464 3.24 0 0.0 1 464
792 464 3.24 0 0.0 1 464
794 464 3.24 0 0.0 1 464
796 464 3.24 0 0.0 1 464
798 464 3.24 0 0.0 1 464
800 464 3.24 0 0.0 1 464
802 464 3.24 0 0.0 1 464
804 464 3.24 0 0.0 1 464
806 464 3.24 0 0.0 1 464
808 464 3.24 0 0.0 1 464
810 464 3.24 0 0.0 1 464
812 464 3.24 0 0.0 1 464
814 464 3.24 0 0.0 1 464
816 464 3.24 0 0.0 1 464
818 464 3.24 0 0.0 1 464
820 464 3.24 0 0.0 1 464
822 464 3.24 0 0.0 1 464
824 464 3.24 0 0.0 1 464
826 464 3.24 0 0.0 1 464
828 464 3.24 0 0.0 1 464
830 464 3.24 0 0.0 1 464
832 464 3.24 0 0.0 1 464
834 464 3.24 0 0.0 1 464
836 464 3.24 0 0.0 1 464
838 464 3.24 0 0.0 1 464
840 464 3.24 0 0.0 1 464
842 464 3.24 0 0.0 1 464
844 464 3.24 0 0.0 1 464
846 464 3.24 0 0.0 1 464
848 464 3.24 0 0.0 1 464
850 464 3.24 0 0.0 1 464
852 464 3.24 0 0.0 1 464
854 464 3.24 0 0.0 1 464
856 464 3.24 0 0.0 1 464
858 464 3.24 0 0.0 1 464
860 464 3.24 0 0.0 1 464
862 464 3.24 0 0.0 1 464
864 464 3.24 0 0.0 1 464
866 464 3.24 0 0.0 1 464
868 464 3.24 0 0.0 1 464
870 464 3.24 0 0.0 1 464
872 464 3.24 0 0.0 1 464
874 464 3.24 0 0.0 1 464
876 464 3.24 0 0.0 1 464
878 464 3.24 0 0.0 1 464
880 464 3.24 0 0.0 1 464
882 464 3.24 0 0.0 1 464
884 464 3.24 0 0.0 1 464
886 464 3.24 0 0.0 1 464
888 464 3.24 0 0.0 1 464
890 464 3.24 0 0.0 1 464
892 464 3.24 0 0.0 1 464
894 464 3.24 0 0.0 1 464
896 464 3.24 0 0.0 1 464
898 464 3.24 0 0.0 1 464
900 464 3.24 0 0.0 1 464
902 464 3.24 0 0.0 1 464
904 464 3.24 0 0.0 1 464
906 464 3.24 0 0.0 1 464
908 464 3.24 0 0.0 1 464
910 464 3.24 0 0.0 1 464
912 464 3.24 0 0.0 1 464
914 464 3.24 0 0.0 1 464
916 464 3.24 0 0.0 1 464
918 464 3.24 0 0.0 1 464
920 464 3.24 0 0.0 1 464
922 464 3.24 0 0.0 1 464
924 464 3.24 0 0.0 1 464
926 464 3.24 0 0.0 1 464
928 464 3.24 0 0.0 1 464
930 464 3.24 0 0.0 1 464
932 464 3.24 0 0.0 1 464
934 464 3.24 0 0.0 1 464
936 464 3.24 0 0.0 1 464
938 464 3.24 0 0.0 1 464
940 464 3.24 0 0.0 1 464
942 464 3.24 0 0.0 1 464
944 464 3.24 0 0.0 1 464
946 464 3.24 0 0.0 1 464
948 464 3.24 0 0.0 1 464
950 464 3.24 0 0.0 1 464
952 464 3.24 0 0.0 1 464
954 464 3.24 0 0.0 1 464
956 464 3.24 0 0.0 1 464
958 464 3.24 0 0.0 1 464
960 464 3.24 0 0.0 1 464
962 464 3.24 0 0.0 1 464
964 464 3.24 0 0.0 1 464
966 464 3.24 0 0.0 1 464
968 464 3.24 0 0.0 1 464
970 464 3.24 0 0.0 1 464
972 464 3.24 0 0.0 1 464
974 464 3.24 0 0.0 1 464
976 464 3.24 0 0.0 1 464
978 464 3.24 0 0.0 1 464
980 464 3.24 0 0.0 1 464
982 464 3.24 0 0.0 1 464
984 464 3.24 0 0.0 1 464
986 464 3.24 0 0.0 1 464
988 464 3.24 0 0.0 1 464
990 464 3.24 0 0.0 1 464
992 464 3.24 0 0.0 1 464
994 464 3.24 0 0.0 1 464
996 464 3.24 0 0.0 1 464
998 464 3.24 0 0.0 1 464
1000 464 3.24 0 0.0 1 464
1002 464 3.24 0 0.0 1 464
1004 464 3.24 0 0.0 1 464
1006 464 3.24 0 0.0 1 464
1008 464 3.24 0 0.0 1 464
1010 464 3.24 0 0.0 1 464
1012 464 3.24 0 0.0 1 464
1014 464 3.24 0 0.0 1 464
1016 464 3.24 0 0.0 1 464
1018 464 3.24 0 0.0 1 464
1020 464 3.24 0 0.0 1 464
1022 464 3.24 0 0.0 1 464
1024 464 3.24 0 0.0 1 464
1026 464 3.24 0 0.0 1 464
1028 464 3.24 0 0.0 1 464
1030 464 3.24 0 0.0 1 464
1032 464 3.24 0 0.0 1 464
1034 464 3.24 0 0.0 1 464
1036 464 3.24 0 0.0 1 464
1038 464 3.24 0 0.0 1 464
1040 464 3.24 0 0.0 1 464
1042 464 3.24 0 0.0 1 464
1044 464 3.24 0 0.0 1 464
1046 464 3.24 0 0.0 1 464
1048 464 3.24 0 0.0 1 464
1050 464 3.24 0 0.0 1 464
1052 464 3.24 0 0.0 1 464
1054 464 3.24 0 0.0 1 464
1056 464 3.24 0 0.0 1 464
1058 464 3.24 0 0.0 1 464
1060 464 3.24 0 0.0 1 464
1062 464 3.24 0 0.0 1 464
1064 464 3.24 0 0.0 1 464
1066 464 3.24 0 0.0 1 464
1068 464 3.24 0 0.0 1 464
1070 464 3.24 0 0.0 1 464
1072 464 3.24 0 0.0 1 464
1074 464 3.24 0 0.0 1 464
1076 464 3.24 0 0.0 1 464
1078 464 3.24 0 0.0 1 464
1080 464 3.24 0 0.0 1 464
1082 464 3.24 0 0.0 1 464
1084 464 3.24 0 0.0 1 464
1086 464 3.24 0 0.0 1 464
1088 464 3.24 0 0.0 1 464
1090 464 3.24 0 0.0 1 464
1092 464 3.24 0 0.0 1 464
1094 464 3.24 0 0.0 1 464
1096 464 3.24 0 0.0 1 464
1098 464 3.24 0 0.0 1 464
1100 464 3.24 0 0.0 1 464
1102 464 3.24 0 0.0 1 464
1104 464 3.24 0 0.0 1 464
1106 464 3.24 0 0.0 1 464
1108 464 3.24 0 0.0 1 464
1110 464 3.24 0 0.0 1 464
1112 464 3.24 0 0.0 1 464
1114 464 3.24 0 0.0 1 464
1116 464 3.24 0 0.0 1 464
1118 464 3.24 0 0.0 1 464
1120 464 3.24 0 0.0 1 464
1122 464 3.24 0 0.0 1 464
1124 464 3.24 0 0.0 1 464
1126 464 3.24 0 0.0 1 464
1128 464 3.24 0 0.0 1 464
1130 464 3.24 0 0.0 1 464
1132 464 3.24 0 0.0 1 464
1134 464 3.24 0 0.0 1 464
1136 464 3.24 0 0.0 1 464
1138 464 3.24 0 0.0 1 464
1140 464 3.24 0 0.0 1 464
1142 464 3.24 0 0.0 1 464
1144 464 3.24 0 0.0 1 464
1146 464 3.24 0 0.0 1 464
1148 464 3.24 0 0.0 1 464
1150 464 3.24 0 0.0 1 464
1152 464 3.24 0 0.0 1 464
1154 464 3.24 0 0.0 1 464
1156 464 3.24 0 0.0 1 464
1158 464 3.24 0 0.0 1 464
1160 464 3.24 0 0.0 1 464
1162 464 3.24 0 0.0 1 464
1164 464 3.24 0 0.0 1 464
1166 464 3.24 0 0.0 1 464
1168 464 3.24 0 0.0 1 464
1170 464 3.24 0 0.0 1 464
1172 464 3.24 0 0.0 1 464
1174 464 3.24 0 0.0 1 464
1176 464 3.24 0 0.0 1 464
1178 464 3.24 0 0.0 1 464
1180 464 3.24 0 0.0 1 464
1182 464 3.24 0 0.0 1 464
1184 464 3.24 0 0.0 1 464
1186 464 3.24 0 0.0 1 464
1188 464 3.24 0 0.0 1 464
1190 464 3.24 0 0.0 1 464
1192 464 3.24 0 0.0 1 464
1194 464 3.24 0 0.0 1 464
1196 464 3.24 0 0.0 1 464
1198 464 3.24 0 0.0 1 464
1200 464 3.24 0 0.0 1 464
1202 464 3.24 0 0.0 1 464
1204 464 3.24 0 0.0 1 464
1206 464 3.24 0 0.0 1 464
1208 464 3.24 0 0.0 1 464
1210 464 3.24 0 0.0 1 464
1212 464 3.24 0 0.0 1 464
1214 464 3.24 0 0.0 1 464
1216 464 3.24 0 0.0 1 464
1218 464 3.24 0 0.0 1 464
1220 464 3.24 0 0.0 1 464
1222 464 3.24 0 0.0 1 464
1224 464 3.24 0 0.0 1 464
1226 464 3.24 0 0.0 1 464
1228 464 3.24 0 0.0 1 464
1230 464 3.24 0 0.0 1 464
1232 464 3.24 0 0.0 1 464
1234 464 3.24 0 0.0 1 464
1236 464 3.24 0 0.0 1 464
1238 464 3.24 0 0.0 1 464
1240 464 3.24 0 0.0 1 464
1242 464 3.24 0 0.0 1 464
1244 464 3.24 0 0.0 1 464
1246 464 3.24 0 0.0 1 464
1248 464 3.24 0 0.0 1 464
1250 464 3.24 0 0.0 1 464
1252 464 3.24 0 0.0 1 464
1254 464 3.24 0 0.0 1 464
1256 464 3.24 0 0.0 1 464
1258 464 3.24 0 0.0 1 464
1260 464 3.24 0 0.0 1 464
1262 463 3.24 0 0.0 2 464
1264 463 3.24 0 0.0 2 463
1266 463 3.24 0 0.0 2 463
1268 463 3.24 0 0.0 2 463
1270 463 3.24 0 0.0 2 463
1272 463 3.24 0 0.0 2 463
1274 463 3.24 0 0.0 2 463
1276 463 3.24 0 0.0 2 463
1278 463 3.24 0 0.0 2 463
1280 463 3.24 0 0.0 2 463
1282 463 3.24 0 0.0 2 463
1284 463 3.24 0 0.0 2 463
1286 463 3.24 0 0.0 2 463
1288 463 3.24 0 0.0 2 463
1290 463 3.24 0 0.0 2 463
1292 463 3.24 0 0.0 2 463
1294 463 3.24 0 0.0 2 463
1296 463 3.24 0 0.0 2 463
1298 463 3.24 0 0.0 2 463
1300 463 3.24 0 0.0 2 463
1302 463 3.24 0 0.0 2 463
1304 463 3.24 0 0.0 2 463
1306 463 3.24 0 0.0 2 463
1308 463 3.24 0 0.0 2 463
1310 463 3.24 0 0.0 2 463
1312 463 3.24 0 0.0 2 463
1314 463 3.24 0 0.0 2 463
1316 463 3.24 0 0.0 2 463
1318 463 3.24 0 0.0 2 463
1320 463 3.24 0 0.0 2 463
1322 463 3.24 0 0.0 2 463
1324 463 3.24 0 0.0 2 463
1326 463 3.24 0 0.0 2 463
1328 463 3.24 0 0.0 2 463
1330 463 3.24 0 0.0 2 463
1332 462 3.23 0 0.0 3 463
1334 462 3.23 0 0.0 3 462
1336 462 3.23 0 0.0 3 462
1338 462 3.23 0 0.0 3 462
1340 462 3.23 0 0.0 3 462
1342 462 3.23 0 0.0 3 462
1344 462 3.23 0 0.0 3 462
1346 462 3.23 0 0.0 3 462
1348 462 3.23 0 0.0 3 462
1350 462 3.23 0 0.0 3 462
1352 462 3.23 0 0.0 3 462
1354 462 3.23 0 0.0 3 462
1356 462 3.23 0 0.0 3 462
1358 462 3.23 0 0.0 3 462
1360 462 3.23 0 0.0 3 462
1362 462 3.23 0 0.0 3 462
1364 462 3.23 0 0.0 3 462
1366 462 3.23 0 0.0 3 462
1368 462 3.23 0 0.0 3 462
1370 462 3.23 0 0.0 3 462
1372 462 3.23 0 0.0 3 462
1374 462 3.23 0 0.0 3 462
1376 462 3.23 0 0.0 3 462
1378 462 3.23 0 0.0 3 462
1380 462 3.23 0 0.0 3 462
1382 462 3.23 0 0.0 3 462
1384 462 3.23 0 0.0 3 462
1386 462 3.23 0 0.0 3 462
1388 462 3.23 0 0.0 3 462
1390 462 3.23 0 0.0 3 462
1392 462 3.23 0 0.0 3 462
1394 462 3.23 0 0.0 3 462
1396 462 3.23 0 0.0 3 462
1398 462 3.23 0 0.0 3 462
1400 462 3.23 0 0.0 3 462
1402 462 3.23 0 0.0 3 462
1404 462 3.23 0 0.0 3 462
1406 462 3.23 0 0.0 3 462
1408 462 3.23 0 0.0 3 462
1410 462 3.23 0 0.0 3 462
1412 462 3.23 0 0.0 3 462
1414 462 3.23 0 0.0 3 462
1416 462 3.23 0 0.0 3 462
1418 462 3.23 0 0.0 3 462
1420 462 3.23 0 0.0 3 462
1422 462 3.23 0 0.0 3 462
1424 462 3.23 0 0.0 3 462
1426 462 3.23 0 0.0 3 462
1428 462 3.23 0 0.0 3 462
1430 462 3.23 0 0.0 3 462
1432 462 3.23 0 0.0 3 462
1434 462 3.23 0 0.0 3 462
1436 462 3.23 0 0.0 3 462
1438 462 3.23 0 0.0 3 462
1440 462 3.23 0 0.0 3 462
