Time PAO1_Count PAO1_Conc Acetate_Count Acetate_Conc PAO1_Died bacteria_couldn't_eat
0 5 0.02 77081 2.4 0 0
1 5 0.02 77081 2.4 0 0
2 5 0.02 77076 2.4 0 0
3 5 0.02 77070 2.4 0 0
4 5 0.02 77064 2.4 0 0
5 5 0.03 77059 2.4 0 0
6 5 0.03 77054 2.4 0 0
7 5 0.03 77049 2.4 0 0
8 5 0.03 77044 2.4 0 0
9 5 0.03 77039 2.4 0 0
10 5 0.03 77034 2.4 0 0
11 5 0.03 77029 2.4 0 0
12 5 0.03 77024 2.4 0 0
13 5 0.03 77019 2.4 0 0
14 5 0.03 77014 2.4 0 0
15 5 0.03 77009 2.4 0 0
16 5 0.03 77001 2.4 0 0
17 5 0.03 76996 2.4 0 0
18 5 0.03 76991 2.4 0 0
19 5 0.03 76986 2.39 0 0
20 5 0.03 76980 2.39 0 0
21 5 0.03 76975 2.39 0 0
22 5 0.03 76970 2.39 0 0
23 5 0.03 76963 2.39 0 0
24 5 0.03 76956 2.39 0 0
25 5 0.03 76949 2.39 0 0
26 5 0.03 76943 2.39 0 0
27 5 0.03 76937 2.39 0 0
28 5 0.03 76930 2.39 0 0
29 5 0.03 76924 2.39 0 0
30 5 0.03 76915 2.39 0 0
31 5 0.03 76909 2.39 0 0
32 5 0.03 76901 2.39 0 0
33 5 0.03 76895 2.39 0 0
34 5 0.03 76888 2.39 0 0
35 5 0.03 76880 2.39 0 0
36 5 0.03 76872 2.39 0 0
37 5 0.03 76863 2.39 0 0
38 5 0.03 76853 2.39 0 0
39 5 0.03 76844 2.39 0 0
40 5 0.03 76836 2.39 0 0
41 5 0.03 76827 2.39 0 0
42 5 0.03 76818 2.39 0 0
43 5 0.03 76810 2.39 0 0
44 5 0.04 76801 2.39 0 0
45 5 0.04 76792 2.39 0 0
46 5 0.04 76783 2.39 0 0
47 5 0.04 76773 2.39 0 0
48 5 0.04 76763 2.39 0 0
49 5 0.04 76753 2.39 0 0
50 5 0.04 76743 2.39 0 0
51 5 0.04 76733 2.39 0 0
52 5 0.04 76723 2.39 0 0
53 5 0.04 76713 2.39 0 0
54 5 0.04 76703 2.39 0 0
55 5 0.04 76693 2.39 0 0
56 5 0.04 76682 2.39 0 0
57 5 0.04 76672 2.39 0 0
58 5 0.04 76662 2.38 0 0
59 5 0.04 76652 2.38 0 0
60 5 0.04 76641 2.38 0 0
61 5 0.04 76631 2.38 0 0
62 5 0.04 76620 2.38 0 0
63 5 0.04 76609 2.38 0 0
64 5 0.04 76598 2.38 0 0
65 5 0.04 76587 2.38 0 0
66 5 0.04 76576 2.38 0 0
67 5 0.04 76565 2.38 0 0
68 5 0.04 76555 2.38 0 0
69 5 0.04 76544 2.38 0 0
70 5 0.05 76531 2.38 0 0
71 5 0.05 76519 2.38 0 0
72 5 0.05 76506 2.38 0 0
73 5 0.05 76494 2.38 0 0
74 5 0.05 76481 2.38 0 0
75 5 0.05 76469 2.38 0 0
76 6 0.05 76455 2.38 0 0
77 7 0.05 76443 2.38 0 0
78 10 0.05 76430 2.38 0 0
79 10 0.05 76420 2.38 0 0
80 10 0.05 76410 2.38 0 0
81 10 0.05 76400 2.38 0 0
82 10 0.05 76390 2.38 0 0
83 10 0.05 76380 2.38 0 0
84 10 0.05 76369 2.38 0 0
85 10 0.05 76357 2.38 0 0
86 10 0.05 76346 2.38 0 0
87 10 0.05 76335 2.37 0 0
88 10 0.05 76325 2.37 0 0
89 10 0.05 76316 2.37 0 0
90 10 0.05 76306 2.37 0 0
91 10 0.05 76295 2.37 0 0
92 10 0.05 76283 2.37 0 0
93 10 0.06 76272 2.37 0 0
94 10 0.06 76260 2.37 0 0
95 10 0.06 76249 2.37 0 0
96 10 0.06 76238 2.37 0 0
97 10 0.06 76223 2.37 0 0
98 10 0.06 76211 2.37 0 0
99 10 0.06 76201 2.37 0 0
100 10 0.06 76187 2.37 0 0
101 10 0.06 76173 2.37 0 0
102 10 0.06 76159 2.37 0 0
103 10 0.06 76144 2.37 0 0
104 10 0.06 76131 2.37 0 0
105 10 0.06 76116 2.37 0 0
106 10 0.06 76104 2.37 0 0
107 10 0.06 76087 2.37 0 0
108 10 0.06 76072 2.37 0 0
109 10 0.06 76057 2.37 0 0
110 10 0.06 76043 2.37 0 0
111 10 0.06 76028 2.37 0 0
112 10 0.07 76012 2.36 0 0
113 10 0.07 75997 2.36 0 0
114 10 0.07 75979 2.36 0 0
115 10 0.07 75962 2.36 0 0
116 10 0.07 75942 2.36 0 0
117 10 0.07 75924 2.36 0 0
118 10 0.07 75907 2.36 0 0
119 10 0.07 75889 2.36 0 0
120 10 0.07 75873 2.36 0 0
121 10 0.07 75853 2.36 0 0
122 10 0.07 75834 2.36 0 0
123 10 0.07 75815 2.36 0 0
124 10 0.07 75795 2.36 0 0
125 10 0.07 75775 2.36 0 0
126 10 0.07 75756 2.36 0 0
127 10 0.08 75737 2.36 0 0
128 10 0.08 75717 2.36 0 0
129 10 0.08 75697 2.36 0 0
130 10 0.08 75676 2.35 0 0
131 10 0.08 75656 2.35 0 0
132 10 0.08 75636 2.35 0 0
133 10 0.08 75616 2.35 0 0
134 10 0.08 75596 2.35 0 0
135 10 0.08 75576 2.35 0 0
136 10 0.08 75557 2.35 0 0
137 10 0.08 75536 2.35 0 0
138 10 0.08 75515 2.35 0 0
139 10 0.08 75493 2.35 0 0
140 10 0.09 75471 2.35 0 0
141 10 0.09 75451 2.35 0 0
142 10 0.09 75428 2.35 0 0
143 10 0.09 75406 2.35 0 0
144 10 0.09 75383 2.35 0 0
145 10 0.09 75361 2.34 0 0
146 10 0.09 75340 2.34 0 0
147 10 0.09 75319 2.34 0 0
148 10 0.09 75292 2.34 0 0
149 10 0.09 75270 2.34 0 0
150 10 0.09 75245 2.34 0 0
151 10 0.09 75223 2.34 0 0
152 13 0.1 75200 2.34 0 0
153 15 0.1 75179 2.34 0 0
154 17 0.1 75157 2.34 0 0
155 20 0.1 75135 2.34 0 0
156 20 0.1 75115 2.34 0 0
157 20 0.1 75095 2.34 0 0
158 20 0.1 75074 2.34 0 0
159 20 0.1 75054 2.33 0 0
160 20 0.1 75034 2.33 0 0
161 20 0.1 75014 2.33 0 0
162 20 0.1 74994 2.33 0 0
163 20 0.11 74974 2.33 0 0
164 20 0.11 74952 2.33 0 0
165 20 0.11 74930 2.33 0 0
166 20 0.11 74909 2.33 0 0
167 20 0.11 74887 2.33 0 0
168 20 0.11 74866 2.33 0 0
169 20 0.11 74843 2.33 0 0
170 20 0.11 74819 2.33 0 0
171 20 0.11 74798 2.33 0 0
172 20 0.11 74774 2.33 0 0
173 20 0.11 74750 2.33 0 0
174 20 0.12 74723 2.32 0 0
175 20 0.12 74696 2.32 0 0
176 20 0.12 74672 2.32 0 0
177 20 0.12 74644 2.32 0 0
178 20 0.12 74618 2.32 0 0
179 20 0.12 74593 2.32 0 0
180 20 0.12 74567 2.32 0 0
181 20 0.12 74540 2.32 0 0
182 20 0.12 74512 2.32 0 0
183 20 0.12 74483 2.32 0 0
184 20 0.13 74457 2.32 0 0
185 20 0.13 74423 2.32 0 0
186 20 0.13 74393 2.31 0 0
187 20 0.13 74359 2.31 0 0
188 20 0.13 74336 2.31 0 0
189 20 0.13 74305 2.31 0 0
190 20 0.13 74273 2.31 0 0
191 20 0.13 74239 2.31 0 0
192 20 0.14 74203 2.31 0 0
193 20 0.14 74167 2.31 0 0
194 20 0.14 74136 2.31 0 0
195 20 0.14 74098 2.31 0 0
196 20 0.14 74062 2.3 0 0
197 20 0.14 74023 2.3 0 0
198 20 0.14 73985 2.3 0 0
199 20 0.14 73949 2.3 0 0
200 20 0.15 73910 2.3 0 0
201 20 0.15 73871 2.3 0 0
202 20 0.15 73834 2.3 0 0
203 20 0.15 73797 2.3 0 0
204 20 0.15 73756 2.29 0 0
205 20 0.15 73717 2.29 0 0
206 20 0.15 73677 2.29 0 0
207 20 0.16 73637 2.29 0 0
208 20 0.16 73596 2.29 0 0
209 20 0.16 73555 2.29 0 0
210 20 0.16 73515 2.29 0 0
211 20 0.16 73475 2.29 0 0
212 20 0.16 73434 2.28 0 0
213 20 0.17 73393 2.28 0 0
214 20 0.17 73350 2.28 0 0
215 20 0.17 73310 2.28 0 0
216 20 0.17 73268 2.28 0 0
217 20 0.17 73227 2.28 0 0
218 20 0.17 73183 2.28 0 0
219 20 0.18 73138 2.28 0 0
220 20 0.18 73095 2.27 0 0
221 20 0.18 73051 2.27 0 0
222 20 0.18 73006 2.27 0 0
223 20 0.18 72960 2.27 0 0
224 20 0.18 72916 2.27 0 0
225 20 0.19 72872 2.27 0 0
226 20 0.19 72827 2.27 0 0
227 20 0.19 72775 2.26 0 0
228 25 0.19 72727 2.26 0 0
229 29 0.19 72676 2.26 0 0
230 31 0.19 72631 2.26 0 0
231 38 0.2 72586 2.26 0 0
232 40 0.2 72544 2.26 0 0
233 40 0.2 72501 2.26 0 0
234 40 0.2 72460 2.25 0 0
235 40 0.2 72420 2.25 0 0
236 40 0.21 72380 2.25 0 0
237 40 0.21 72339 2.25 0 0
238 40 0.21 72296 2.25 0 0
239 40 0.21 72254 2.25 0 0
240 40 0.21 72212 2.25 0 0
241 40 0.21 72169 2.24 0 0
242 40 0.22 72120 2.24 0 0
243 40 0.22 72076 2.24 0 0
244 40 0.22 72030 2.24 0 0
245 40 0.22 71982 2.24 0 0
246 40 0.22 71934 2.24 0 0
247 40 0.23 71887 2.24 0 0
248 40 0.23 71841 2.24 0 0
249 40 0.23 71796 2.23 0 0
250 40 0.23 71753 2.23 0 0
251 40 0.23 71708 2.23 0 0
252 40 0.23 71663 2.23 0 0
253 40 0.24 71617 2.23 0 0
254 40 0.24 71569 2.23 0 0
255 40 0.24 71522 2.22 0 0
256 40 0.24 71470 2.22 0 0
257 40 0.24 71414 2.22 0 0
258 40 0.25 71355 2.22 0 0
259 40 0.25 71299 2.22 0 0
260 40 0.25 71243 2.22 0 0
261 40 0.25 71185 2.21 0 0
262 40 0.26 71125 2.21 0 0
263 40 0.26 71070 2.21 0 0
264 40 0.26 71006 2.21 0 0
265 40 0.26 70940 2.21 0 0
266 40 0.26 70872 2.2 0 0
267 40 0.27 70809 2.2 0 0
268 40 0.27 70739 2.2 0 0
269 40 0.27 70667 2.2 0 0
270 40 0.27 70595 2.2 0 0
271 40 0.28 70529 2.19 0 0
272 40 0.28 70459 2.19 0 0
273 40 0.28 70389 2.19 0 0
274 40 0.29 70316 2.19 0 0
275 40 0.29 70237 2.18 0 0
276 40 0.29 70161 2.18 0 0
277 40 0.29 70085 2.18 0 0
278 40 0.3 70009 2.18 0 0
279 40 0.3 69928 2.18 0 0
280 40 0.3 69848 2.17 0 0
281 40 0.31 69768 2.17 0 0
282 40 0.31 69688 2.17 0 0
283 40 0.31 69608 2.17 0 0
284 40 0.31 69526 2.16 0 0
285 40 0.32 69446 2.16 0 0
286 40 0.32 69364 2.16 0 0
287 40 0.32 69281 2.16 0 0
288 40 0.33 69197 2.15 0 0
289 40 0.33 69111 2.15 0 0
290 40 0.33 69030 2.15 0 0
291 40 0.34 68944 2.15 0 0
292 40 0.34 68858 2.14 0 0
293 40 0.34 68774 2.14 0 0
294 40 0.35 68685 2.14 0 0
295 40 0.35 68600 2.13 0 0
296 40 0.35 68507 2.13 0 0
297 40 0.36 68415 2.13 0 0
298 40 0.36 68326 2.13 0 0
299 40 0.36 68232 2.12 0 0
300 40 0.37 68135 2.12 0 0
301 40 0.37 68042 2.12 0 0
302 41 0.37 67942 2.11 0 0
303 42 0.38 67840 2.11 0 0
304 49 0.38 67737 2.11 0 0
305 55 0.38 67632 2.1 0 0
306 62 0.39 67538 2.1 0 0
307 71 0.39 67450 2.1 0 0
308 76 0.4 67367 2.1 0 0
309 80 0.4 67282 2.09 0 0
310 80 0.4 67201 2.09 0 0
311 80 0.41 67121 2.09 0 0
312 80 0.41 67036 2.09 0 0
313 80 0.41 66953 2.08 0 0
314 80 0.42 66871 2.08 0 0
315 80 0.42 66785 2.08 0 0
316 80 0.42 66704 2.08 0 0
317 80 0.43 66618 2.07 0 0
318 80 0.43 66535 2.07 0 0
319 80 0.43 66453 2.07 0 0
320 80 0.44 66367 2.07 0 0
321 80 0.44 66279 2.06 0 0
322 80 0.44 66196 2.06 0 0
323 80 0.45 66107 2.06 0 0
324 80 0.45 66017 2.05 0 0
325 80 0.46 65927 2.05 0 0
326 80 0.46 65835 2.05 0 0
327 80 0.46 65742 2.05 0 0
328 80 0.47 65643 2.04 0 0
329 80 0.47 65549 2.04 0 0
330 80 0.47 65450 2.04 0 0
331 80 0.48 65352 2.03 0 0
332 80 0.48 65250 2.03 0 0
333 80 0.49 65139 2.03 0 0
334 80 0.49 65038 2.02 0 0
335 80 0.5 64927 2.02 0 0
336 80 0.5 64810 2.02 0 0
337 80 0.5 64697 2.01 0 0
338 80 0.51 64574 2.01 0 0
339 80 0.51 64446 2.01 0 0
340 80 0.52 64320 2.0 0 0
341 80 0.52 64194 2.0 0 0
342 80 0.53 64063 1.99 0 0
343 80 0.53 63939 1.99 0 0
344 80 0.54 63795 1.99 0 0
345 80 0.54 63649 1.98 0 0
346 80 0.55 63510 1.98 0 0
347 80 0.55 63359 1.97 0 0
348 80 0.56 63210 1.97 0 0
349 80 0.56 63053 1.96 0 0
350 80 0.57 62903 1.96 0 0
351 80 0.58 62755 1.95 0 0
352 80 0.58 62601 1.95 0 0
353 80 0.59 62446 1.94 0 0
354 80 0.59 62288 1.94 0 0
355 80 0.6 62132 1.93 0 0
356 80 0.6 61976 1.93 0 0
357 80 0.61 61817 1.92 0 0
358 80 0.62 61657 1.92 0 0
359 80 0.62 61497 1.91 0 0
360 80 0.63 61335 1.91 0 0
361 80 0.63 61174 1.9 0 0
362 80 0.64 61010 1.9 0 0
363 80 0.65 60848 1.89 0 0
364 80 0.65 60684 1.89 0 0
365 80 0.66 60519 1.88 0 0
366 80 0.67 60353 1.88 0 0
367 80 0.67 60184 1.87 0 0
368 80 0.68 60013 1.87 0 0
369 80 0.68 59844 1.86 0 0
370 80 0.69 59670 1.86 0 0
371 80 0.7 59501 1.85 0 0
372 80 0.7 59317 1.85 0 0
373 80 0.71 59138 1.84 0 0
374 80 0.72 58957 1.83 0 0
375 80 0.73 58773 1.83 0 0
376 80 0.73 58583 1.82 0 0
377 80 0.74 58396 1.82 0 0
378 81 0.75 58206 1.81 0 0
379 84 0.75 58009 1.81 0 0
380 91 0.76 57809 1.8 0 0
381 104 0.77 57620 1.79 0 0
382 125 0.78 57426 1.79 0 0
383 135 0.78 57241 1.78 0 0
384 149 0.79 57067 1.78 0 0
385 159 0.8 56895 1.77 0 0
386 160 0.8 56733 1.77 0 0
387 160 0.81 56570 1.76 0 0
388 160 0.82 56405 1.76 0 0
389 160 0.82 56237 1.75 0 0
390 160 0.83 56071 1.74 0 0
391 160 0.84 55908 1.74 0 0
392 160 0.84 55735 1.73 0 0
393 160 0.85 55567 1.73 0 0
394 160 0.86 55391 1.72 0 0
395 160 0.87 55219 1.72 0 0
396 160 0.87 55043 1.71 0 0
397 160 0.88 54864 1.71 0 0
398 160 0.89 54687 1.7 0 0
399 160 0.9 54503 1.7 0 0
400 160 0.9 54321 1.69 0 0
401 160 0.91 54134 1.69 0 0
402 160 0.92 53953 1.68 0 0
403 160 0.93 53765 1.67 0 0
404 160 0.93 53570 1.67 0 0
405 160 0.94 53376 1.66 0 0
