Time PAO1_ac_2min_Count PAO1_ac_2min_Conc Acetate_Count Acetate_Conc PAO1_ac_2min_Died bacteria_couldn't_eat
0 4 0.02 77081 2.4 0 0
2 4 0.02 77081 2.4 0 0
4 4 0.02 77069 2.4 0 0
6 4 0.02 77059 2.4 0 0
8 4 0.02 77048 2.4 0 0
10 4 0.02 77036 2.4 0 0
12 4 0.02 77024 2.4 0 0
14 4 0.02 77013 2.4 0 0
16 4 0.02 77001 2.4 0 0
18 4 0.02 76989 2.4 0 0
20 4 0.02 76977 2.4 0 0
22 4 0.02 76964 2.4 0 0
24 4 0.02 76952 2.4 0 0
26 4 0.02 76939 2.4 0 0
28 4 0.03 76925 2.4 0 0
30 4 0.03 76909 2.39 0 0
32 4 0.03 76894 2.39 0 0
34 4 0.03 76879 2.39 0 0
36 4 0.03 76863 2.39 0 0
38 4 0.03 76847 2.39 0 0
40 4 0.03 76831 2.39 0 0
42 4 0.03 76815 2.39 0 0
44 4 0.03 76798 2.39 0 0
46 4 0.03 76782 2.39 0 0
48 4 0.03 76766 2.39 0 0
50 4 0.03 76747 2.39 0 0
52 4 0.03 76729 2.39 0 0
54 4 0.03 76710 2.39 0 0
56 4 0.03 76691 2.39 0 0
58 4 0.03 76671 2.39 0 0
60 4 0.03 76650 2.39 0 0
62 4 0.04 76629 2.39 0 0
64 4 0.04 76609 2.39 0 0
66 4 0.04 76588 2.38 0 0
68 4 0.04 76566 2.38 0 0
70 4 0.04 76544 2.38 0 0
72 8 0.04 76521 2.38 0 0
74 8 0.04 76498 2.38 0 0
76 8 0.04 76474 2.38 0 0
78 8 0.04 76453 2.38 0 0
80 8 0.04 76432 2.38 0 0
82 8 0.04 76408 2.38 0 0
84 8 0.04 76384 2.38 0 0
86 8 0.05 76360 2.38 0 0
88 8 0.05 76335 2.38 0 0
90 8 0.05 76311 2.38 0 0
92 8 0.05 76286 2.38 0 0
94 8 0.05 76259 2.37 0 0
96 8 0.05 76231 2.37 0 0
98 8 0.05 76202 2.37 0 0
100 8 0.05 76172 2.37 0 0
102 8 0.05 76143 2.37 0 0
104 8 0.05 76113 2.37 0 0
106 8 0.06 76083 2.37 0 0
108 8 0.06 76051 2.37 0 0
110 8 0.06 76020 2.37 0 0
112 8 0.06 75986 2.37 0 0
114 8 0.06 75952 2.36 0 0
116 8 0.06 75920 2.36 0 0
118 8 0.06 75887 2.36 0 0
120 8 0.06 75852 2.36 0 0
122 8 0.06 75815 2.36 0 0
124 8 0.07 75777 2.36 0 0
126 8 0.07 75737 2.36 0 0
128 8 0.07 75693 2.36 0 0
130 8 0.07 75653 2.36 0 0
132 8 0.07 75612 2.35 0 0
134 8 0.07 75567 2.35 0 0
136 8 0.07 75525 2.35 0 0
138 8 0.08 75481 2.35 0 0
140 14 0.08 75438 2.35 0 0
142 16 0.08 75394 2.35 0 0
144 16 0.08 75350 2.35 0 0
146 16 0.08 75303 2.34 0 0
148 16 0.08 75255 2.34 0 0
150 16 0.09 75207 2.34 0 0
152 16 0.09 75159 2.34 0 0
154 16 0.09 75111 2.34 0 0
156 16 0.09 75062 2.34 0 0
158 16 0.09 75011 2.34 0 0
160 16 0.09 74960 2.33 0 0
162 16 0.1 74910 2.33 0 0
164 16 0.1 74854 2.33 0 0
166 16 0.1 74803 2.33 0 0
168 16 0.1 74747 2.33 0 0
170 16 0.1 74687 2.33 0 0
172 16 0.11 74628 2.32 0 0
174 16 0.11 74566 2.32 0 0
176 16 0.11 74503 2.32 0 0
178 16 0.11 74439 2.32 0 0
180 16 0.12 74371 2.32 0 0
182 16 0.12 74305 2.31 0 0
184 16 0.12 74239 2.31 0 0
186 16 0.12 74170 2.31 0 0
188 16 0.13 74099 2.31 0 0
190 16 0.13 74028 2.31 0 0
192 16 0.13 73955 2.3 0 0
194 16 0.13 73880 2.3 0 0
196 16 0.14 73799 2.3 0 0
198 16 0.14 73722 2.3 0 0
200 16 0.14 73641 2.29 0 0
202 16 0.14 73560 2.29 0 0
204 16 0.15 73478 2.29 0 0
206 16 0.15 73394 2.29 0 0
208 17 0.15 73302 2.28 0 0
210 32 0.16 73214 2.28 0 0
212 32 0.16 73127 2.28 0 0
214 32 0.16 73036 2.27 0 0
216 32 0.17 72946 2.27 0 0
218 32 0.17 72855 2.27 0 0
220 32 0.17 72761 2.27 0 0
222 32 0.18 72666 2.26 0 0
224 32 0.18 72569 2.26 0 0
226 32 0.18 72472 2.26 0 0
228 32 0.19 72369 2.25 0 0
230 32 0.19 72269 2.25 0 0
232 32 0.19 72165 2.25 0 0
234 32 0.2 72053 2.24 0 0
236 32 0.2 71941 2.24 0 0
238 32 0.21 71824 2.24 0 0
240 32 0.21 71708 2.23 0 0
242 32 0.22 71583 2.23 0 0
244 32 0.22 71460 2.23 0 0
246 32 0.22 71338 2.22 0 0
248 32 0.23 71212 2.22 0 0
250 32 0.23 71083 2.21 0 0
252 32 0.24 70952 2.21 0 0
254 32 0.24 70814 2.2 0 0
256 32 0.25 70677 2.2 0 0
258 32 0.25 70535 2.2 0 0
260 32 0.26 70392 2.19 0 0
262 32 0.26 70246 2.19 0 0
264 32 0.27 70096 2.18 0 0
266 32 0.27 69938 2.18 0 0
268 32 0.28 69775 2.17 0 0
270 32 0.29 69612 2.17 0 0
272 32 0.29 69443 2.16 0 0
274 32 0.3 69274 2.16 0 0
276 32 0.3 69100 2.15 0 0
278 46 0.31 68923 2.15 0 0
280 64 0.32 68744 2.14 0 0
282 64 0.32 68565 2.13 0 0
284 64 0.33 68383 2.13 0 0
286 64 0.34 68193 2.12 0 0
288 64 0.34 68006 2.12 0 0
290 64 0.35 67816 2.11 0 0
292 64 0.36 67623 2.11 0 0
294 64 0.36 67426 2.1 0 0
296 64 0.37 67226 2.09 0 0
298 64 0.38 67027 2.09 0 0
300 64 0.39 66812 2.08 0 0
302 64 0.39 66602 2.07 0 0
304 64 0.4 66377 2.07 0 0
306 64 0.41 66152 2.06 0 0
308 64 0.42 65923 2.05 0 0
310 64 0.43 65676 2.04 0 0
312 64 0.44 65432 2.04 0 0
314 64 0.44 65180 2.03 0 0
316 64 0.45 64928 2.02 0 0
318 64 0.46 64671 2.01 0 0
320 64 0.47 64404 2.01 0 0
322 64 0.48 64134 2.0 0 0
324 64 0.49 63865 1.99 0 0
326 64 0.5 63586 1.98 0 0
328 64 0.51 63296 1.97 0 0
330 64 0.52 62998 1.96 0 0
332 64 0.53 62692 1.95 0 0
334 64 0.54 62379 1.94 0 0
336 64 0.55 62059 1.93 0 0
338 64 0.57 61734 1.92 0 0
340 64 0.58 61402 1.91 0 0
342 64 0.59 61066 1.9 0 0
344 64 0.6 60722 1.89 0 0
346 69 0.61 60363 1.88 0 0
348 123 0.63 60002 1.87 0 0
350 128 0.64 59661 1.86 0 0
352 128 0.65 59311 1.85 0 0
354 128 0.66 58944 1.84 0 0
356 128 0.68 58568 1.82 0 0
358 128 0.69 58191 1.81 0 0
360 128 0.71 57809 1.8 0 0
362 128 0.72 57425 1.79 0 0
364 128 0.73 57023 1.78 0 0
366 128 0.75 56614 1.76 0 0
368 128 0.76 56205 1.75 0 0
370 128 0.78 55779 1.74 0 0
372 128 0.79 55354 1.72 0 0
374 128 0.81 54912 1.71 0 0
376 128 0.83 54454 1.7 0 0
378 128 0.84 53980 1.68 0 0
380 128 0.86 53501 1.67 0 0
382 128 0.88 53006 1.65 0 0
384 128 0.9 52503 1.64 0 0
386 128 0.91 51986 1.62 0 0
388 128 0.93 51465 1.6 0 0
390 128 0.95 50931 1.59 0 0
392 128 0.97 50391 1.57 0 0
394 128 0.99 49832 1.55 0 0
396 128 1.01 49268 1.53 0 0
398 128 1.03 48685 1.52 0 0
400 128 1.05 48086 1.5 0 0
402 128 1.07 47467 1.48 0 0
404 128 1.1 46836 1.46 0 0
406 128 1.12 46194 1.44 0 0
408 128 1.14 45537 1.42 0 0
410 128 1.17 44876 1.4 0 0
412 128 1.19 44191 1.38 0 0
414 130 1.21 43488 1.35 0 0
416 191 1.24 42768 1.33 0 0
418 256 1.26 42066 1.31 0 0
420 256 1.29 41363 1.29 0 0
422 256 1.32 40645 1.27 0 0
424 256 1.34 39914 1.24 0 0
426 256 1.37 39162 1.22 0 0
428 256 1.4 38400 1.2 0 0
430 256 1.42 37629 1.17 0 0
432 256 1.45 36843 1.15 0 0
434 256 1.48 36055 1.12 0 0
436 256 1.51 35249 1.1 0 0
438 256 1.54 34419 1.07 0 0
440 256 1.57 33572 1.05 0 0
442 256 1.6 32700 1.02 0 0
444 256 1.64 31809 0.99 0 0
446 256 1.67 30877 0.96 0 0
448 256 1.7 29927 0.93 0 0
450 256 1.74 28942 0.9 0 0
452 256 1.77 27939 0.87 0 0
454 256 1.81 26925 0.84 0 0
456 256 1.85 25876 0.81 0 0
458 256 1.88 24818 0.77 0 0
460 256 1.92 23735 0.74 0 0
462 256 1.96 22641 0.71 0 0
464 256 2.0 21523 0.67 0 0
466 256 2.04 20375 0.63 0 0
468 256 2.08 19185 0.6 0 0
470 256 2.13 17967 0.56 0 0
472 256 2.17 16718 0.52 0 0
474 256 2.22 15448 0.48 0 0
476 256 2.26 14148 0.44 0 0
478 256 2.31 12840 0.4 0 0
480 256 2.35 11480 0.36 0 0
482 256 2.4 10115 0.32 0 0
484 285 2.45 8712 0.27 0 1
486 463 2.5 7297 0.23 0 2
488 505 2.55 5981 0.19 0 12
490 509 2.59 4719 0.15 0 36
492 512 2.64 3530 0.11 0 75
494 512 2.68 2429 0.08 0 109
496 512 2.72 1422 0.04 0 136
498 512 2.74 661 0.02 0 223
500 512 2.76 182 0.01 0 310
502 512 2.77 11 0.0 0 410
504 512 2.77 0 0.0 0 502
506 512 2.77 0 0.0 0 512
508 512 2.77 0 0.0 0 512
510 512 2.77 0 0.0 0 512
512 512 2.77 0 0.0 0 512
514 512 2.77 0 0.0 0 512
516 512 2.77 0 0.0 0 512
518 512 2.77 0 0.0 0 512
520 512 2.77 0 0.0 0 512
522 512 2.77 0 0.0 0 512
524 512 2.77 0 0.0 0 512
526 512 2.77 0 0.0 0 512
528 512 2.77 0 0.0 0 512
530 512 2.77 0 0.0 0 512
532 512 2.77 0 0.0 0 512
534 512 2.77 0 0.0 0 512
536 512 2.77 0 0.0 0 512
538 512 2.77 0 0.0 0 512
540 512 2.77 0 0.0 0 512
542 512 2.77 0 0.0 0 512
544 512 2.77 0 0.0 0 512
546 512 2.77 0 0.0 0 512
548 512 2.77 0 0.0 0 512
550 512 2.77 0 0.0 0 512
552 512 2.77 0 0.0 0 512
554 512 2.77 0 0.0 0 512
556 512 2.77 0 0.0 0 512
558 512 2.77 0 0.0 0 512
560 512 2.77 0 0.0 0 512
562 512 2.77 0 0.0 0 512
564 512 2.77 0 0.0 0 512
566 512 2.77 0 0.0 0 512
568 512 2.77 0 0.0 0 512
570 512 2.77 0 0.0 0 512
572 512 2.77 0 0.0 0 512
574 512 2.77 0 0.0 0 512
576 512 2.77 0 0.0 0 512
578 512 2.77 0 0.0 0 512
580 512 2.77 0 0.0 0 512
582 512 2.77 0 0.0 0 512
584 512 2.77 0 0.0 0 512
586 512 2.77 0 0.0 0 512
588 512 2.77 0 0.0 0 512
590 512 2.77 0 0.0 0 512
592 512 2.77 0 0.0 0 512
594 512 2.77 0 0.0 0 512
596 512 2.77 0 0.0 0 512
598 512 2.77 0 0.0 0 512
600 512 2.77 0 0.0 0 512
602 512 2.77 0 0.0 0 512
604 512 2.77 0 0.0 0 512
606 512 2.77 0 0.0 0 512
608 512 2.77 0 0.0 0 512
610 512 2.77 0 0.0 0 512
612 512 2.77 0 0.0 0 512
614 512 2.77 0 0.0 0 512
616 512 2.77 0 0.0 0 512
618 512 2.77 0 0.0 0 512
620 512 2.77 0 0.0 0 512
622 512 2.77 0 0.0 0 512
624 512 2.77 0 0.0 0 512
626 512 2.77 0 0.0 0 512
628 512 2.77 0 0.0 0 512
630 512 2.77 0 0.0 0 512
632 512 2.77 0 0.0 0 512
634 512 2.77 0 0.0 0 512
636 512 2.77 0 0.0 0 512
638 512 2.77 0 0.0 0 512
640 512 2.77 0 0.0 0 512
642 512 2.77 0 0.0 0 512
644 512 2.77 0 0.0 0 512
646 512 2.77 0 0.0 0 512
648 512 2.77 0 0.0 0 512
650 512 2.77 0 0.0 0 512
652 512 2.77 0 0.0 0 512
654 512 2.77 0 0.0 0 512
656 512 2.77 0 0.0 0 512
658 512 2.77 0 0.0 0 512
660 512 2.77 0 0.0 0 512
662 512 2.77 0 0.0 0 512
664 512 2.77 0 0.0 0 512
666 512 2.77 0 0.0 0 512
668 512 2.77 0 0.0 0 512
670 512 2.77 0 0.0 0 512
672 512 2.77 0 0.0 0 512
674 512 2.77 0 0.0 0 512
676 512 2.77 0 0.0 0 512
678 512 2.77 0 0.0 0 512
680 512 2.77 0 0.0 0 512
682 512 2.77 0 0.0 0 512
684 512 2.77 0 0.0 0 512
686 512 2.77 0 0.0 0 512
688 512 2.77 0 0.0 0 512
690 512 2.77 0 0.0 0 512
692 512 2.77 0 0.0 0 512
694 512 2.77 0 0.0 0 512
696 512 2.77 0 0.0 0 512
698 512 2.77 0 0.0 0 512
700 512 2.77 0 0.0 0 512
702 512 2.77 0 0.0 0 512
704 512 2.77 0 0.0 0 512
706 512 2.77 0 0.0 0 512
708 512 2.77 0 0.0 0 512
710 512 2.77 0 0.0 0 512
712 512 2.77 0 0.0 0 512
714 511 2.76 0 0.0 1 512
716 511 2.76 0 0.0 1 511
718 511 2.76 0 0.0 1 511
720 511 2.76 0 0.0 1 511
722 511 2.76 0 0.0 1 511
724 511 2.76 0 0.0 1 511
726 511 2.76 0 0.0 1 511
728 511 2.76 0 0.0 1 511
730 511 2.76 0 0.0 1 511
732 511 2.76 0 0.0 1 511
734 511 2.76 0 0.0 1 511
736 511 2.76 0 0.0 1 511
738 511 2.76 0 0.0 1 511
740 511 2.76 0 0.0 1 511
742 511 2.76 0 0.0 1 511
744 511 2.76 0 0.0 1 511
746 511 2.76 0 0.0 1 511
748 511 2.76 0 0.0 1 511
750 511 2.76 0 0.0 1 511
752 511 2.76 0 0.0 1 511
754 511 2.76 0 0.0 1 511
756 511 2.76 0 0.0 1 511
758 511 2.76 0 0.0 1 511
760 511 2.76 0 0.0 1 511
762 511 2.76 0 0.0 1 511
764 511 2.76 0 0.0 1 511
766 511 2.76 0 0.0 1 511
768 511 2.76 0 0.0 1 511
770 511 2.76 0 0.0 1 511
772 511 2.76 0 0.0 1 511
774 511 2.76 0 0.0 1 511
776 511 2.76 0 0.0 1 511
778 511 2.76 0 0.0 1 511
780 510 2.76 0 0.0 2 511
782 510 2.76 0 0.0 2 510
784 510 2.76 0 0.0 2 510
786 510 2.76 0 0.0 2 510
788 510 2.76 0 0.0 2 510
790 509 2.75 0 0.0 3 510
792 509 2.75 0 0.0 3 509
794 509 2.75 0 0.0 3 509
796 509 2.75 0 0.0 3 509
798 509 2.75 0 0.0 3 509
800 509 2.75 0 0.0 3 509
802 509 2.75 0 0.0 3 509
804 509 2.75 0 0.0 3 509
806 509 2.75 0 0.0 3 509
808 509 2.75 0 0.0 3 509
810 509 2.75 0 0.0 3 509
812 509 2.75 0 0.0 3 509
814 509 2.75 0 0.0 3 509
816 509 2.75 0 0.0 3 509
818 509 2.75 0 0.0 3 509
820 509 2.75 0 0.0 3 509
822 509 2.75 0 0.0 3 509
824 509 2.75 0 0.0 3 509
826 509 2.75 0 0.0 3 509
828 509 2.75 0 0.0 3 509
830 509 2.75 0 0.0 3 509
832 509 2.75 0 0.0 3 509
834 509 2.75 0 0.0 3 509
836 509 2.75 0 0.0 3 509
838 509 2.75 0 0.0 3 509
840 509 2.75 0 0.0 3 509
842 509 2.75 0 0.0 3 509
844 509 2.75 0 0.0 3 509
846 509 2.75 0 0.0 3 509
848 509 2.75 0 0.0 3 509
850 509 2.75 0 0.0 3 509
852 509 2.75 0 0.0 3 509
854 509 2.75 0 0.0 3 509
856 509 2.75 0 0.0 3 509
858 509 2.75 0 0.0 3 509
860 509 2.75 0 0.0 3 509
862 509 2.75 0 0.0 3 509
864 509 2.75 0 0.0 3 509
866 508 2.75 0 0.0 4 509
868 508 2.75 0 0.0 4 508
870 508 2.75 0 0.0 4 508
872 508 2.75 0 0.0 4 508
874 508 2.75 0 0.0 4 508
876 508 2.75 0 0.0 4 508
878 508 2.75 0 0.0 4 508
880 508 2.75 0 0.0 4 508
882 508 2.75 0 0.0 4 508
884 508 2.75 0 0.0 4 508
886 508 2.75 0 0.0 4 508
888 508 2.75 0 0.0 4 508
890 508 2.75 0 0.0 4 508
892 508 2.75 0 0.0 4 508
894 508 2.75 0 0.0 4 508
896 508 2.75 0 0.0 4 508
898 508 2.75 0 0.0 4 508
900 508 2.75 0 0.0 4 508
902 508 2.75 0 0.0 4 508
904 508 2.75 0 0.0 4 508
906 508 2.75 0 0.0 4 508
908 508 2.75 0 0.0 4 508
910 508 2.75 0 0.0 4 508
912 508 2.75 0 0.0 4 508
914 508 2.75 0 0.0 4 508
916 507 2.74 0 0.0 5 508
918 507 2.74 0 0.0 5 507
920 507 2.74 0 0.0 5 507
922 507 2.74 0 0.0 5 507
924 507 2.74 0 0.0 5 507
926 506 2.74 0 0.0 6 507
928 506 2.74 0 0.0 6 506
930 505 2.73 0 0.0 7 506
932 505 2.73 0 0.0 7 505
934 505 2.73 0 0.0 7 505
936 505 2.73 0 0.0 7 505
938 505 2.73 0 0.0 7 505
940 505 2.73 0 0.0 7 505
942 504 2.73 0 0.0 8 505
944 502 2.71 0 0.0 10 504
946 501 2.71 0 0.0 11 502
948 501 2.71 0 0.0 11 501
950 500 2.7 0 0.0 12 501
952 500 2.7 0 0.0 12 500
954 500 2.7 0 0.0 12 500
956 499 2.7 0 0.0 13 500
958 499 2.7 0 0.0 13 499
960 499 2.7 0 0.0 13 499
962 499 2.7 0 0.0 13 499
964 497 2.69 0 0.0 15 499
966 496 2.68 0 0.0 16 497
968 493 2.67 0 0.0 19 496
970 492 2.66 0 0.0 20 493
972 491 2.66 0 0.0 21 492
974 491 2.66 0 0.0 21 491
976 490 2.65 0 0.0 22 491
978 486 2.63 0 0.0 26 490
980 485 2.62 0 0.0 27 486
982 485 2.62 0 0.0 27 485
984 484 2.62 0 0.0 28 485
986 483 2.61 0 0.0 29 484
988 483 2.61 0 0.0 29 483
990 482 2.61 0 0.0 30 483
992 482 2.61 0 0.0 30 482
994 482 2.61 0 0.0 30 482
996 481 2.6 0 0.0 31 482
998 480 2.6 0 0.0 32 481
1000 479 2.59 0 0.0 33 480
1002 479 2.59 0 0.0 33 479
1004 477 2.58 0 0.0 35 479
1006 477 2.58 0 0.0 35 477
1008 477 2.58 0 0.0 35 477
1010 477 2.58 0 0.0 35 477
1012 476 2.57 0 0.0 36 477
1014 476 2.57 0 0.0 36 476
1016 475 2.57 0 0.0 37 476
1018 475 2.57 0 0.0 37 475
1020 474 2.56 0 0.0 38 475
1022 472 2.55 0 0.0 40 474
1024 471 2.55 0 0.0 41 472
1026 471 2.55 0 0.0 41 471
1028 469 2.54 0 0.0 43 471
1030 469 2.54 0 0.0 43 469
1032 469 2.54 0 0.0 43 469
1034 469 2.54 0 0.0 43 469
1036 468 2.53 0 0.0 44 469
1038 466 2.52 0 0.0 46 468
1040 466 2.52 0 0.0 46 466
1042 463 2.5 0 0.0 49 466
1044 461 2.49 0 0.0 51 463
1046 457 2.47 0 0.0 55 461
1048 457 2.47 0 0.0 55 457
1050 456 2.47 0 0.0 56 457
1052 454 2.46 0 0.0 58 456
1054 451 2.44 0 0.0 61 454
1056 450 2.43 0 0.0 62 451
1058 448 2.42 0 0.0 64 450
1060 448 2.42 0 0.0 64 448
1062 446 2.41 0 0.0 66 448
1064 442 2.39 0 0.0 70 446
1066 437 2.36 0 0.0 75 442
1068 435 2.35 0 0.0 77 437
1070 433 2.34 0 0.0 79 435
1072 432 2.34 0 0.0 80 433
1074 430 2.33 0 0.0 82 432
1076 429 2.32 0 0.0 83 430
1078 429 2.32 0 0.0 83 429
1080 426 2.3 0 0.0 86 429
1082 426 2.3 0 0.0 86 426
1084 426 2.3 0 0.0 86 426
1086 423 2.29 0 0.0 89 426
1088 418 2.26 0 0.0 94 423
1090 415 2.24 0 0.0 97 418
1092 414 2.24 0 0.0 98 415
1094 413 2.23 0 0.0 99 414
1096 411 2.22 0 0.0 101 413
1098 408 2.21 0 0.0 104 411
1100 405 2.19 0 0.0 107 408
1102 401 2.17 0 0.0 111 405
1104 401 2.17 0 0.0 111 401
1106 399 2.16 0 0.0 113 401
1108 396 2.14 0 0.0 116 399
1110 393 2.13 0 0.0 119 396
1112 392 2.12 0 0.0 120 393
1114 389 2.1 0 0.0 123 392
1116 386 2.09 0 0.0 126 389
1118 384 2.08 0 0.0 128 386
1120 381 2.06 0 0.0 131 384
1122 378 2.05 0 0.0 134 381
1124 377 2.04 0 0.0 135 378
1126 374 2.02 0 0.0 138 377
1128 370 2.0 0 0.0 142 374
1130 368 1.99 0 0.0 144 370
1132 366 1.98 0 0.0 146 368
1134 361 1.95 0 0.0 151 366
1136 357 1.93 0 0.0 155 361
1138 355 1.92 0 0.0 157 357
1140 353 1.91 0 0.0 159 355
1142 351 1.9 0 0.0 161 353
1144 350 1.89 0 0.0 162 351
1146 350 1.89 0 0.0 162 350
1148 348 1.88 0 0.0 164 350
1150 346 1.87 0 0.0 166 348
1152 344 1.86 0 0.0 168 346
1154 344 1.86 0 0.0 168 344
1156 337 1.82 0 0.0 175 344
1158 331 1.79 0 0.0 181 337
1160 331 1.79 0 0.0 181 331
1162 329 1.78 0 0.0 183 331
1164 328 1.78 0 0.0 184 329
1166 327 1.77 0 0.0 185 328
1168 325 1.76 0 0.0 187 327
1170 323 1.75 0 0.0 189 325
1172 320 1.73 0 0.0 192 323
1174 317 1.72 0 0.0 195 320
1176 315 1.71 0 0.0 197 317
1178 314 1.7 0 0.0 198 315
1180 311 1.68 0 0.0 201 314
1182 309 1.67 0 0.0 203 311
1184 308 1.67 0 0.0 204 309
1186 302 1.64 0 0.0 210 308
1188 298 1.61 0 0.0 214 302
1190 296 1.6 0 0.0 216 298
1192 294 1.59 0 0.0 218 296
1194 293 1.59 0 0.0 219 294
1196 291 1.58 0 0.0 221 293
1198 289 1.56 0 0.0 223 291
1200 287 1.55 0 0.0 225 289
1202 285 1.54 0 0.0 227 287
1204 280 1.52 0 0.0 232 285
1206 275 1.49 0 0.0 237 280
1208 272 1.47 0 0.0 240 275
1210 268 1.45 0 0.0 244 272
1212 264 1.43 0 0.0 248 268
1214 259 1.4 0 0.0 253 264
1216 257 1.39 0 0.0 255 259
1218 255 1.38 0 0.0 257 257
1220 249 1.35 0 0.0 263 255
1222 247 1.34 0 0.0 265 249
1224 242 1.31 0 0.0 270 247
1226 239 1.29 0 0.0 273 242
1228 237 1.28 0 0.0 275 239
1230 235 1.27 0 0.0 277 237
1232 233 1.26 0 0.0 279 235
1234 229 1.24 0 0.0 283 233
1236 222 1.2 0 0.0 290 229
1238 221 1.2 0 0.0 291 222
1240 218 1.18 0 0.0 294 221
1242 216 1.17 0 0.0 296 218
1244 215 1.16 0 0.0 297 216
1246 210 1.14 0 0.0 302 215
1248 206 1.11 0 0.0 306 210
1250 204 1.1 0 0.0 308 206
1252 202 1.09 0 0.0 310 204
1254 202 1.09 0 0.0 310 202
1256 200 1.08 0 0.0 312 202
1258 197 1.07 0 0.0 315 200
1260 194 1.05 0 0.0 318 197
1262 191 1.03 0 0.0 321 194
1264 190 1.03 0 0.0 322 191
1266 186 1.01 0 0.0 326 190
1268 183 0.99 0 0.0 329 186
1270 181 0.98 0 0.0 331 183
1272 179 0.97 0 0.0 333 181
1274 173 0.94 0 0.0 339 179
1276 169 0.91 0 0.0 343 173
1278 168 0.91 0 0.0 344 169
1280 168 0.91 0 0.0 344 168
1282 161 0.87 0 0.0 351 168
1284 158 0.86 0 0.0 354 161
1286 157 0.85 0 0.0 355 158
1288 155 0.84 0 0.0 357 157
1290 153 0.83 0 0.0 359 155
1292 151 0.82 0 0.0 361 153
1294 146 0.79 0 0.0 366 151
1296 143 0.77 0 0.0 369 146
1298 141 0.76 0 0.0 371 143
1300 139 0.75 0 0.0 373 141
1302 137 0.74 0 0.0 375 139
1304 133 0.72 0 0.0 379 137
1306 132 0.71 0 0.0 380 133
1308 130 0.7 0 0.0 382 132
1310 128 0.69 0 0.0 384 130
1312 126 0.68 0 0.0 386 128
1314 123 0.67 0 0.0 389 126
1316 123 0.67 0 0.0 389 123
1318 122 0.66 0 0.0 390 123
1320 119 0.64 0 0.0 393 122
1322 119 0.64 0 0.0 393 119
1324 116 0.63 0 0.0 396 119
1326 110 0.6 0 0.0 402 116
1328 108 0.58 0 0.0 404 110
1330 105 0.57 0 0.0 407 108
1332 104 0.56 0 0.0 408 105
1334 103 0.56 0 0.0 409 104
1336 102 0.55 0 0.0 410 103
1338 101 0.55 0 0.0 411 102
1340 100 0.54 0 0.0 412 101
1342 98 0.53 0 0.0 414 100
1344 97 0.53 0 0.0 415 98
1346 94 0.51 0 0.0 418 97
1348 91 0.49 0 0.0 421 94
1350 89 0.48 0 0.0 423 91
1352 87 0.47 0 0.0 425 89
1354 85 0.46 0 0.0 427 87
1356 84 0.46 0 0.0 428 85
1358 82 0.44 0 0.0 430 84
1360 81 0.44 0 0.0 431 82
1362 80 0.43 0 0.0 432 81
1364 77 0.42 0 0.0 435 80
1366 76 0.41 0 0.0 436 77
1368 75 0.41 0 0.0 437 76
1370 73 0.4 0 0.0 439 75
1372 73 0.4 0 0.0 439 73
1374 71 0.39 0 0.0 441 73
1376 70 0.38 0 0.0 442 71
1378 66 0.36 0 0.0 446 70
1380 66 0.36 0 0.0 446 66
1382 64 0.35 0 0.0 448 66
1384 63 0.34 0 0.0 449 64
1386 61 0.33 0 0.0 451 63
1388 61 0.33 0 0.0 451 61
1390 60 0.33 0 0.0 452 61
1392 58 0.32 0 0.0 454 60
1394 56 0.3 0 0.0 456 58
1396 52 0.28 0 0.0 460 56
1398 50 0.27 0 0.0 462 52
1400 49 0.27 0 0.0 463 50
1402 48 0.26 0 0.0 464 49
1404 47 0.26 0 0.0 465 48
1406 46 0.25 0 0.0 466 47
1408 45 0.24 0 0.0 467 46
1410 45 0.24 0 0.0 467 45
1412 43 0.23 0 0.0 469 45
1414 40 0.22 0 0.0 472 43
1416 39 0.21 0 0.0 473 40
1418 38 0.21 0 0.0 474 39
1420 38 0.21 0 0.0 474 38
1422 37 0.2 0 0.0 475 38
1424 37 0.2 0 0.0 475 37
1426 36 0.2 0 0.0 476 37
1428 36 0.2 0 0.0 476 36
1430 36 0.2 0 0.0 476 36
1432 35 0.19 0 0.0 477 36
1434 35 0.19 0 0.0 477 35
1436 34 0.18 0 0.0 478 35
1438 33 0.18 0 0.0 479 34
1440 33 0.18 0 0.0 479 33
