Time PAO1_Count PAO1_Conc Acetate_Count Acetate_Conc PAO1_Died bacteria_couldn't_eat
0 4 0.02 77081 2.4 0 0
2 4 0.02 77081 2.4 0 0
4 4 0.02 77068 2.4 0 0
6 4 0.03 77054 2.4 0 0
8 4 0.03 77039 2.4 0 0
10 4 0.03 77023 2.4 0 0
12 4 0.03 77008 2.4 0 0
14 4 0.03 76991 2.4 0 0
16 4 0.03 76974 2.4 0 0
18 4 0.03 76958 2.4 0 0
20 4 0.03 76941 2.4 0 0
22 4 0.03 76923 2.4 0 0
24 4 0.03 76904 2.39 0 0
26 4 0.03 76885 2.39 0 0
28 4 0.03 76867 2.39 0 0
30 4 0.03 76849 2.39 0 0
32 4 0.03 76830 2.39 0 0
34 4 0.03 76810 2.39 0 0
36 4 0.04 76790 2.39 0 0
38 4 0.04 76769 2.39 0 0
40 4 0.04 76747 2.39 0 0
42 4 0.04 76725 2.39 0 0
44 4 0.04 76703 2.39 0 0
46 4 0.04 76681 2.39 0 0
48 4 0.04 76657 2.39 0 0
50 4 0.04 76632 2.39 0 0
52 4 0.04 76608 2.39 0 0
54 4 0.04 76584 2.38 0 0
56 4 0.04 76557 2.38 0 0
58 4 0.05 76530 2.38 0 0
60 4 0.05 76504 2.38 0 0
62 4 0.05 76477 2.38 0 0
64 5 0.05 76449 2.38 0 0
66 8 0.05 76421 2.38 0 0
68 8 0.05 76394 2.38 0 0
70 8 0.05 76364 2.38 0 0
72 8 0.05 76336 2.38 0 0
74 8 0.05 76305 2.38 0 0
76 8 0.06 76274 2.37 0 0
78 8 0.06 76243 2.37 0 0
80 8 0.06 76211 2.37 0 0
82 8 0.06 76176 2.37 0 0
84 8 0.06 76139 2.37 0 0
86 8 0.06 76107 2.37 0 0
88 8 0.06 76071 2.37 0 0
90 8 0.06 76033 2.37 0 0
92 8 0.07 75997 2.37 0 0
94 8 0.07 75957 2.36 0 0
96 8 0.07 75916 2.36 0 0
98 8 0.07 75876 2.36 0 0
100 8 0.07 75834 2.36 0 0
102 8 0.07 75791 2.36 0 0
104 8 0.07 75750 2.36 0 0
106 8 0.08 75704 2.36 0 0
108 8 0.08 75662 2.36 0 0
110 8 0.08 75614 2.35 0 0
112 8 0.08 75566 2.35 0 0
114 8 0.08 75520 2.35 0 0
116 8 0.09 75470 2.35 0 0
118 8 0.09 75416 2.35 0 0
120 8 0.09 75365 2.35 0 0
122 8 0.09 75310 2.34 0 0
124 8 0.09 75254 2.34 0 0
126 9 0.1 75198 2.34 0 0
128 14 0.1 75144 2.34 0 0
130 15 0.1 75088 2.34 0 0
132 16 0.1 75028 2.34 0 0
134 16 0.1 74968 2.33 0 0
136 16 0.11 74907 2.33 0 0
138 16 0.11 74847 2.33 0 0
140 16 0.11 74785 2.33 0 0
142 16 0.11 74722 2.33 0 0
144 16 0.12 74656 2.32 0 0
146 16 0.12 74590 2.32 0 0
148 16 0.12 74521 2.32 0 0
150 16 0.12 74451 2.32 0 0
152 16 0.13 74379 2.32 0 0
154 16 0.13 74305 2.31 0 0
156 16 0.13 74230 2.31 0 0
158 16 0.14 74152 2.31 0 0
160 16 0.14 74073 2.31 0 0
162 16 0.14 73990 2.3 0 0
164 16 0.14 73905 2.3 0 0
166 16 0.15 73817 2.3 0 0
168 16 0.15 73727 2.3 0 0
170 16 0.15 73636 2.29 0 0
172 16 0.16 73546 2.29 0 0
174 16 0.16 73451 2.29 0 0
176 16 0.17 73355 2.28 0 0
178 16 0.17 73256 2.28 0 0
180 16 0.17 73154 2.28 0 0
182 16 0.18 73048 2.27 0 0
184 16 0.18 72944 2.27 0 0
186 16 0.19 72833 2.27 0 0
188 17 0.19 72723 2.26 0 0
190 22 0.19 72610 2.26 0 0
192 29 0.2 72498 2.26 0 0
194 31 0.2 72386 2.25 0 0
196 32 0.21 72274 2.25 0 0
198 32 0.21 72154 2.25 0 0
200 32 0.22 72033 2.24 0 0
202 32 0.22 71909 2.24 0 0
204 32 0.23 71785 2.24 0 0
206 32 0.23 71653 2.23 0 0
208 32 0.24 71517 2.23 0 0
210 32 0.24 71384 2.22 0 0
212 32 0.25 71246 2.22 0 0
214 32 0.25 71108 2.21 0 0
216 32 0.26 70964 2.21 0 0
218 32 0.26 70815 2.21 0 0
220 32 0.27 70661 2.2 0 0
222 32 0.27 70499 2.2 0 0
224 32 0.28 70339 2.19 0 0
226 32 0.29 70171 2.19 0 0
228 32 0.29 70006 2.18 0 0
230 32 0.3 69837 2.18 0 0
232 32 0.31 69664 2.17 0 0
234 32 0.31 69485 2.16 0 0
236 32 0.32 69301 2.16 0 0
238 32 0.33 69111 2.15 0 0
240 32 0.33 68918 2.15 0 0
242 32 0.34 68717 2.14 0 0
244 32 0.35 68518 2.13 0 0
246 32 0.36 68308 2.13 0 0
248 32 0.37 68091 2.12 0 0
250 34 0.37 67873 2.11 0 0
252 37 0.38 67649 2.11 0 0
254 51 0.39 67421 2.1 0 0
256 59 0.4 67191 2.09 0 0
258 64 0.41 66962 2.09 0 0
260 64 0.42 66735 2.08 0 0
262 64 0.43 66500 2.07 0 0
264 64 0.44 66259 2.06 0 0
266 64 0.44 66008 2.06 0 0
268 64 0.45 65754 2.05 0 0
270 64 0.46 65494 2.04 0 0
272 64 0.47 65228 2.03 0 0
274 64 0.48 64956 2.02 0 0
276 64 0.5 64683 2.01 0 0
278 64 0.51 64397 2.01 0 0
280 64 0.52 64102 2.0 0 0
282 64 0.53 63797 1.99 0 0
284 64 0.54 63486 1.98 0 0
286 64 0.55 63167 1.97 0 0
288 64 0.56 62852 1.96 0 0
290 64 0.58 62520 1.95 0 0
292 64 0.59 62182 1.94 0 0
294 64 0.6 61835 1.93 0 0
296 64 0.62 61482 1.91 0 0
298 64 0.63 61108 1.9 0 0
300 64 0.64 60730 1.89 0 0
302 64 0.66 60349 1.88 0 0
304 64 0.67 59956 1.87 0 0
306 64 0.69 59553 1.85 0 0
308 64 0.71 59144 1.84 0 0
310 64 0.72 58719 1.83 0 0
312 64 0.74 58288 1.82 0 0
314 69 0.76 57841 1.8 0 0
316 86 0.77 57394 1.79 0 0
318 111 0.79 56940 1.77 0 0
320 123 0.81 56489 1.76 0 0
322 126 0.82 56041 1.75 0 0
324 128 0.84 55570 1.73 0 0
326 128 0.86 55086 1.72 0 0
328 128 0.88 54593 1.7 0 0
330 128 0.9 54085 1.68 0 0
332 128 0.92 53564 1.67 0 0
334 128 0.94 53041 1.65 0 0
336 128 0.96 52507 1.63 0 0
338 128 0.98 51961 1.62 0 0
340 128 1.0 51401 1.6 0 0
342 128 1.02 50825 1.58 0 0
344 128 1.04 50228 1.56 0 0
346 128 1.07 49620 1.55 0 0
348 128 1.09 48996 1.53 0 0
350 128 1.12 48358 1.51 0 0
352 128 1.14 47711 1.49 0 0
354 128 1.17 47051 1.46 0 0
356 128 1.19 46370 1.44 0 0
358 128 1.22 45670 1.42 0 0
360 128 1.25 44948 1.4 0 0
362 128 1.27 44207 1.38 0 0
364 128 1.3 43443 1.35 0 0
366 128 1.33 42667 1.33 0 0
368 128 1.36 41882 1.3 0 0
370 128 1.39 41074 1.28 0 0
372 128 1.42 40249 1.25 0 0
374 128 1.46 39413 1.23 0 0
376 130 1.49 38537 1.2 0 0
378 149 1.52 37641 1.17 0 0
380 191 1.56 36740 1.14 0 0
382 235 1.59 35847 1.12 0 0
384 247 1.63 34954 1.09 0 0
386 254 1.66 34039 1.06 0 0
388 256 1.7 33080 1.03 0 0
390 256 1.73 32121 1.0 0 0
392 256 1.77 31116 0.97 0 0
394 256 1.81 30098 0.94 0 0
396 256 1.85 29059 0.9 0 0
398 256 1.89 28011 0.87 0 0
400 256 1.93 26935 0.84 0 0
402 256 1.97 25814 0.8 0 0
404 256 2.02 24670 0.77 0 0
406 256 2.06 23497 0.73 0 0
408 256 2.11 22303 0.69 0 0
410 256 2.15 21067 0.66 0 0
412 256 2.2 19804 0.62 0 0
414 256 2.25 18511 0.58 0 0
416 256 2.3 17200 0.54 0 0
418 256 2.35 15852 0.49 0 0
420 256 2.4 14484 0.45 0 0
422 256 2.46 13065 0.41 0 0
424 256 2.51 11600 0.36 0 0
426 256 2.57 10124 0.32 0 0
428 256 2.63 8610 0.27 0 0
430 256 2.68 7106 0.22 0 2
432 256 2.74 5663 0.18 0 4
434 256 2.79 4285 0.13 0 13
436 256 2.84 3078 0.1 0 31
438 256 2.87 2070 0.06 0 34
440 257 2.9 1319 0.04 0 64
442 258 2.92 749 0.02 0 78
444 259 2.94 407 0.01 0 116
446 260 2.94 215 0.01 0 151
448 263 2.95 103 0.0 0 186
450 267 2.95 47 0.0 0 218
452 267 2.95 25 0.0 0 247
454 267 2.95 13 0.0 0 256
456 267 2.95 2 0.0 0 256
458 267 2.95 0 0.0 0 265
460 267 2.95 0 0.0 0 267
462 267 2.95 0 0.0 0 267
464 267 2.95 0 0.0 0 267
466 267 2.95 0 0.0 0 267
468 267 2.95 0 0.0 0 267
470 267 2.95 0 0.0 0 267
472 267 2.95 0 0.0 0 267
474 267 2.95 0 0.0 0 267
476 267 2.95 0 0.0 0 267
478 267 2.95 0 0.0 0 267
480 267 2.95 0 0.0 0 267
482 267 2.95 0 0.0 0 267
484 267 2.95 0 0.0 0 267
486 267 2.95 0 0.0 0 267
488 267 2.95 0 0.0 0 267
490 267 2.95 0 0.0 0 267
492 267 2.95 0 0.0 0 267
494 267 2.95 0 0.0 0 267
496 267 2.95 0 0.0 0 267
498 267 2.95 0 0.0 0 267
500 267 2.95 0 0.0 0 267
502 267 2.95 0 0.0 0 267
504 267 2.95 0 0.0 0 267
506 267 2.95 0 0.0 0 267
508 267 2.95 0 0.0 0 267
510 267 2.95 0 0.0 0 267
512 267 2.95 0 0.0 0 267
514 267 2.95 0 0.0 0 267
516 267 2.95 0 0.0 0 267
518 267 2.95 0 0.0 0 267
520 267 2.95 0 0.0 0 267
522 267 2.95 0 0.0 0 267
524 267 2.95 0 0.0 0 267
526 267 2.95 0 0.0 0 267
528 267 2.95 0 0.0 0 267
530 267 2.95 0 0.0 0 267
532 267 2.95 0 0.0 0 267
534 267 2.95 0 0.0 0 267
536 267 2.95 0 0.0 0 267
538 267 2.95 0 0.0 0 267
540 267 2.95 0 0.0 0 267
542 267 2.95 0 0.0 0 267
544 267 2.95 0 0.0 0 267
546 267 2.95 0 0.0 0 267
548 267 2.95 0 0.0 0 267
550 267 2.95 0 0.0 0 267
552 267 2.95 0 0.0 0 267
554 267 2.95 0 0.0 0 267
556 267 2.95 0 0.0 0 267
558 267 2.95 0 0.0 0 267
560 267 2.95 0 0.0 0 267
562 267 2.95 0 0.0 0 267
564 267 2.95 0 0.0 0 267
566 267 2.95 0 0.0 0 267
568 267 2.95 0 0.0 0 267
570 267 2.95 0 0.0 0 267
572 267 2.95 0 0.0 0 267
574 267 2.95 0 0.0 0 267
576 267 2.95 0 0.0 0 267
578 267 2.95 0 0.0 0 267
580 267 2.95 0 0.0 0 267
582 267 2.95 0 0.0 0 267
584 267 2.95 0 0.0 0 267
586 267 2.95 0 0.0 0 267
588 267 2.95 0 0.0 0 267
590 267 2.95 0 0.0 0 267
592 267 2.95 0 0.0 0 267
594 267 2.95 0 0.0 0 267
596 267 2.95 0 0.0 0 267
598 267 2.95 0 0.0 0 267
600 267 2.95 0 0.0 0 267
602 267 2.95 0 0.0 0 267
604 267 2.95 0 0.0 0 267
606 267 2.95 0 0.0 0 267
608 267 2.95 0 0.0 0 267
610 267 2.95 0 0.0 0 267
612 267 2.95 0 0.0 0 267
614 267 2.95 0 0.0 0 267
616 267 2.95 0 0.0 0 267
618 267 2.95 0 0.0 0 267
620 267 2.95 0 0.0 0 267
622 267 2.95 0 0.0 0 267
624 267 2.95 0 0.0 0 267
626 267 2.95 0 0.0 0 267
628 267 2.95 0 0.0 0 267
630 267 2.95 0 0.0 0 267
632 267 2.95 0 0.0 0 267
634 267 2.95 0 0.0 0 267
636 267 2.95 0 0.0 0 267
638 267 2.95 0 0.0 0 267
640 267 2.95 0 0.0 0 267
642 267 2.95 0 0.0 0 267
644 267 2.95 0 0.0 0 267
646 267 2.95 0 0.0 0 267
648 267 2.95 0 0.0 0 267
650 267 2.95 0 0.0 0 267
652 267 2.95 0 0.0 0 267
654 267 2.95 0 0.0 0 267
656 267 2.95 0 0.0 0 267
658 267 2.95 0 0.0 0 267
660 267 2.95 0 0.0 0 267
662 267 2.95 0 0.0 0 267
664 267 2.95 0 0.0 0 267
666 267 2.95 0 0.0 0 267
668 267 2.95 0 0.0 0 267
670 267 2.95 0 0.0 0 267
672 267 2.95 0 0.0 0 267
674 267 2.95 0 0.0 0 267
676 267 2.95 0 0.0 0 267
678 267 2.95 0 0.0 0 267
680 267 2.95 0 0.0 0 267
682 267 2.95 0 0.0 0 267
684 267 2.95 0 0.0 0 267
686 267 2.95 0 0.0 0 267
688 267 2.95 0 0.0 0 267
690 267 2.95 0 0.0 0 267
692 267 2.95 0 0.0 0 267
694 267 2.95 0 0.0 0 267
696 267 2.95 0 0.0 0 267
698 267 2.95 0 0.0 0 267
700 267 2.95 0 0.0 0 267
702 267 2.95 0 0.0 0 267
704 267 2.95 0 0.0 0 267
706 267 2.95 0 0.0 0 267
708 267 2.95 0 0.0 0 267
710 267 2.95 0 0.0 0 267
712 267 2.95 0 0.0 0 267
714 267 2.95 0 0.0 0 267
716 267 2.95 0 0.0 0 267
718 267 2.95 0 0.0 0 267
720 267 2.95 0 0.0 0 267
722 267 2.95 0 0.0 0 267
724 267 2.95 0 0.0 0 267
726 267 2.95 0 0.0 0 267
728 267 2.95 0 0.0 0 267
730 267 2.95 0 0.0 0 267
732 267 2.95 0 0.0 0 267
734 267 2.95 0 0.0 0 267
736 267 2.95 0 0.0 0 267
738 267 2.95 0 0.0 0 267
740 267 2.95 0 0.0 0 267
742 267 2.95 0 0.0 0 267
744 267 2.95 0 0.0 0 267
746 267 2.95 0 0.0 0 267
748 267 2.95 0 0.0 0 267
750 267 2.95 0 0.0 0 267
752 267 2.95 0 0.0 0 267
754 267 2.95 0 0.0 0 267
756 267 2.95 0 0.0 0 267
758 267 2.95 0 0.0 0 267
760 267 2.95 0 0.0 0 267
762 267 2.95 0 0.0 0 267
764 267 2.95 0 0.0 0 267
766 267 2.95 0 0.0 0 267
768 267 2.95 0 0.0 0 267
770 267 2.95 0 0.0 0 267
772 267 2.95 0 0.0 0 267
774 267 2.95 0 0.0 0 267
776 267 2.95 0 0.0 0 267
778 267 2.95 0 0.0 0 267
780 267 2.95 0 0.0 0 267
782 267 2.95 0 0.0 0 267
784 267 2.95 0 0.0 0 267
786 267 2.95 0 0.0 0 267
788 267 2.95 0 0.0 0 267
790 267 2.95 0 0.0 0 267
792 267 2.95 0 0.0 0 267
794 267 2.95 0 0.0 0 267
796 267 2.95 0 0.0 0 267
798 267 2.95 0 0.0 0 267
800 267 2.95 0 0.0 0 267
802 267 2.95 0 0.0 0 267
804 267 2.95 0 0.0 0 267
806 267 2.95 0 0.0 0 267
808 267 2.95 0 0.0 0 267
810 267 2.95 0 0.0 0 267
812 267 2.95 0 0.0 0 267
814 267 2.95 0 0.0 0 267
816 267 2.95 0 0.0 0 267
818 267 2.95 0 0.0 0 267
820 267 2.95 0 0.0 0 267
822 267 2.95 0 0.0 0 267
824 267 2.95 0 0.0 0 267
826 267 2.95 0 0.0 0 267
828 267 2.95 0 0.0 0 267
830 267 2.95 0 0.0 0 267
832 267 2.95 0 0.0 0 267
834 267 2.95 0 0.0 0 267
836 267 2.95 0 0.0 0 267
838 267 2.95 0 0.0 0 267
840 267 2.95 0 0.0 0 267
842 267 2.95 0 0.0 0 267
844 267 2.95 0 0.0 0 267
846 267 2.95 0 0.0 0 267
848 267 2.95 0 0.0 0 267
850 267 2.95 0 0.0 0 267
852 267 2.95 0 0.0 0 267
854 267 2.95 0 0.0 0 267
856 267 2.95 0 0.0 0 267
858 267 2.95 0 0.0 0 267
860 267 2.95 0 0.0 0 267
862 267 2.95 0 0.0 0 267
864 267 2.95 0 0.0 0 267
866 267 2.95 0 0.0 0 267
868 267 2.95 0 0.0 0 267
870 267 2.95 0 0.0 0 267
872 267 2.95 0 0.0 0 267
874 267 2.95 0 0.0 0 267
876 267 2.95 0 0.0 0 267
878 267 2.95 0 0.0 0 267
880 267 2.95 0 0.0 0 267
882 267 2.95 0 0.0 0 267
884 267 2.95 0 0.0 0 267
886 267 2.95 0 0.0 0 267
888 267 2.95 0 0.0 0 267
890 267 2.95 0 0.0 0 267
892 267 2.95 0 0.0 0 267
894 267 2.95 0 0.0 0 267
896 267 2.95 0 0.0 0 267
898 267 2.95 0 0.0 0 267
900 267 2.95 0 0.0 0 267
902 267 2.95 0 0.0 0 267
904 267 2.95 0 0.0 0 267
906 267 2.95 0 0.0 0 267
908 267 2.95 0 0.0 0 267
910 267 2.95 0 0.0 0 267
912 267 2.95 0 0.0 0 267
914 267 2.95 0 0.0 0 267
916 267 2.95 0 0.0 0 267
918 267 2.95 0 0.0 0 267
920 267 2.95 0 0.0 0 267
922 267 2.95 0 0.0 0 267
924 267 2.95 0 0.0 0 267
926 267 2.95 0 0.0 0 267
928 267 2.95 0 0.0 0 267
930 267 2.95 0 0.0 0 267
932 267 2.95 0 0.0 0 267
934 267 2.95 0 0.0 0 267
936 267 2.95 0 0.0 0 267
938 267 2.95 0 0.0 0 267
940 267 2.95 0 0.0 0 267
942 267 2.95 0 0.0 0 267
944 267 2.95 0 0.0 0 267
946 267 2.95 0 0.0 0 267
948 267 2.95 0 0.0 0 267
950 267 2.95 0 0.0 0 267
952 267 2.95 0 0.0 0 267
954 267 2.95 0 0.0 0 267
956 267 2.95 0 0.0 0 267
958 267 2.95 0 0.0 0 267
960 267 2.95 0 0.0 0 267
962 267 2.95 0 0.0 0 267
964 267 2.95 0 0.0 0 267
966 267 2.95 0 0.0 0 267
968 267 2.95 0 0.0 0 267
970 267 2.95 0 0.0 0 267
972 267 2.95 0 0.0 0 267
974 267 2.95 0 0.0 0 267
976 267 2.95 0 0.0 0 267
978 267 2.95 0 0.0 0 267
980 267 2.95 0 0.0 0 267
982 267 2.95 0 0.0 0 267
984 267 2.95 0 0.0 0 267
986 267 2.95 0 0.0 0 267
988 267 2.95 0 0.0 0 267
990 267 2.95 0 0.0 0 267
992 267 2.95 0 0.0 0 267
994 267 2.95 0 0.0 0 267
996 267 2.95 0 0.0 0 267
998 267 2.95 0 0.0 0 267
1000 267 2.95 0 0.0 0 267
1002 267 2.95 0 0.0 0 267
1004 267 2.95 0 0.0 0 267
1006 267 2.95 0 0.0 0 267
1008 267 2.95 0 0.0 0 267
1010 267 2.95 0 0.0 0 267
1012 267 2.95 0 0.0 0 267
1014 267 2.95 0 0.0 0 267
1016 267 2.95 0 0.0 0 267
1018 267 2.95 0 0.0 0 267
1020 267 2.95 0 0.0 0 267
1022 267 2.95 0 0.0 0 267
1024 267 2.95 0 0.0 0 267
1026 267 2.95 0 0.0 0 267
1028 267 2.95 0 0.0 0 267
1030 267 2.95 0 0.0 0 267
1032 267 2.95 0 0.0 0 267
1034 267 2.95 0 0.0 0 267
1036 267 2.95 0 0.0 0 267
1038 267 2.95 0 0.0 0 267
1040 267 2.95 0 0.0 0 267
1042 267 2.95 0 0.0 0 267
1044 267 2.95 0 0.0 0 267
1046 267 2.95 0 0.0 0 267
1048 267 2.95 0 0.0 0 267
1050 267 2.95 0 0.0 0 267
1052 267 2.95 0 0.0 0 267
1054 267 2.95 0 0.0 0 267
1056 267 2.95 0 0.0 0 267
1058 267 2.95 0 0.0 0 267
1060 267 2.95 0 0.0 0 267
1062 267 2.95 0 0.0 0 267
1064 267 2.95 0 0.0 0 267
1066 267 2.95 0 0.0 0 267
1068 267 2.95 0 0.0 0 267
1070 267 2.95 0 0.0 0 267
1072 267 2.95 0 0.0 0 267
1074 267 2.95 0 0.0 0 267
1076 267 2.95 0 0.0 0 267
1078 267 2.95 0 0.0 0 267
1080 267 2.95 0 0.0 0 267
1082 267 2.95 0 0.0 0 267
1084 267 2.95 0 0.0 0 267
1086 267 2.95 0 0.0 0 267
1088 267 2.95 0 0.0 0 267
1090 267 2.95 0 0.0 0 267
1092 267 2.95 0 0.0 0 267
1094 267 2.95 0 0.0 0 267
1096 267 2.95 0 0.0 0 267
1098 267 2.95 0 0.0 0 267
1100 267 2.95 0 0.0 0 267
1102 267 2.95 0 0.0 0 267
1104 267 2.95 0 0.0 0 267
1106 267 2.95 0 0.0 0 267
1108 267 2.95 0 0.0 0 267
1110 267 2.95 0 0.0 0 267
1112 267 2.95 0 0.0 0 267
1114 267 2.95 0 0.0 0 267
1116 267 2.95 0 0.0 0 267
1118 267 2.95 0 0.0 0 267
1120 267 2.95 0 0.0 0 267
1122 267 2.95 0 0.0 0 267
1124 267 2.95 0 0.0 0 267
1126 267 2.95 0 0.0 0 267
1128 267 2.95 0 0.0 0 267
1130 267 2.95 0 0.0 0 267
1132 267 2.95 0 0.0 0 267
1134 267 2.95 0 0.0 0 267
1136 267 2.95 0 0.0 0 267
1138 267 2.95 0 0.0 0 267
1140 267 2.95 0 0.0 0 267
1142 267 2.95 0 0.0 0 267
1144 267 2.95 0 0.0 0 267
1146 267 2.95 0 0.0 0 267
1148 267 2.95 0 0.0 0 267
1150 267 2.95 0 0.0 0 267
1152 267 2.95 0 0.0 0 267
1154 267 2.95 0 0.0 0 267
1156 267 2.95 0 0.0 0 267
1158 267 2.95 0 0.0 0 267
1160 267 2.95 0 0.0 0 267
1162 267 2.95 0 0.0 0 267
1164 267 2.95 0 0.0 0 267
1166 267 2.95 0 0.0 0 267
1168 267 2.95 0 0.0 0 267
1170 267 2.95 0 0.0 0 267
1172 267 2.95 0 0.0 0 267
1174 267 2.95 0 0.0 0 267
1176 267 2.95 0 0.0 0 267
1178 267 2.95 0 0.0 0 267
1180 267 2.95 0 0.0 0 267
1182 267 2.95 0 0.0 0 267
1184 267 2.95 0 0.0 0 267
1186 267 2.95 0 0.0 0 267
1188 267 2.95 0 0.0 0 267
1190 267 2.95 0 0.0 0 267
1192 267 2.95 0 0.0 0 267
1194 267 2.95 0 0.0 0 267
1196 267 2.95 0 0.0 0 267
1198 267 2.95 0 0.0 0 267
1200 267 2.95 0 0.0 0 267
1202 267 2.95 0 0.0 0 267
1204 267 2.95 0 0.0 0 267
1206 267 2.95 0 0.0 0 267
1208 267 2.95 0 0.0 0 267
1210 267 2.95 0 0.0 0 267
1212 267 2.95 0 0.0 0 267
1214 267 2.95 0 0.0 0 267
1216 267 2.95 0 0.0 0 267
1218 267 2.95 0 0.0 0 267
1220 267 2.95 0 0.0 0 267
1222 267 2.95 0 0.0 0 267
1224 267 2.95 0 0.0 0 267
1226 267 2.95 0 0.0 0 267
1228 267 2.95 0 0.0 0 267
1230 267 2.95 0 0.0 0 267
1232 267 2.95 0 0.0 0 267
1234 267 2.95 0 0.0 0 267
1236 267 2.95 0 0.0 0 267
1238 267 2.95 0 0.0 0 267
1240 267 2.95 0 0.0 0 267
1242 267 2.95 0 0.0 0 267
1244 267 2.95 0 0.0 0 267
1246 267 2.95 0 0.0 0 267
1248 267 2.95 0 0.0 0 267
1250 267 2.95 0 0.0 0 267
1252 267 2.95 0 0.0 0 267
1254 267 2.95 0 0.0 0 267
1256 267 2.95 0 0.0 0 267
1258 267 2.95 0 0.0 0 267
1260 267 2.95 0 0.0 0 267
1262 267 2.95 0 0.0 0 267
1264 267 2.95 0 0.0 0 267
1266 267 2.95 0 0.0 0 267
1268 267 2.95 0 0.0 0 267
1270 267 2.95 0 0.0 0 267
1272 267 2.95 0 0.0 0 267
1274 267 2.95 0 0.0 0 267
1276 267 2.95 0 0.0 0 267
1278 267 2.95 0 0.0 0 267
1280 267 2.95 0 0.0 0 267
1282 267 2.95 0 0.0 0 267
1284 267 2.95 0 0.0 0 267
1286 267 2.95 0 0.0 0 267
1288 267 2.95 0 0.0 0 267
1290 267 2.95 0 0.0 0 267
1292 267 2.95 0 0.0 0 267
1294 267 2.95 0 0.0 0 267
1296 267 2.95 0 0.0 0 267
1298 267 2.95 0 0.0 0 267
1300 267 2.95 0 0.0 0 267
1302 267 2.95 0 0.0 0 267
1304 267 2.95 0 0.0 0 267
1306 267 2.95 0 0.0 0 267
1308 267 2.95 0 0.0 0 267
1310 267 2.95 0 0.0 0 267
1312 267 2.95 0 0.0 0 267
1314 267 2.95 0 0.0 0 267
1316 267 2.95 0 0.0 0 267
1318 267 2.95 0 0.0 0 267
1320 267 2.95 0 0.0 0 267
1322 267 2.95 0 0.0 0 267
1324 267 2.95 0 0.0 0 267
1326 267 2.95 0 0.0 0 267
1328 267 2.95 0 0.0 0 267
1330 267 2.95 0 0.0 0 267
1332 267 2.95 0 0.0 0 267
1334 267 2.95 0 0.0 0 267
1336 267 2.95 0 0.0 0 267
1338 267 2.95 0 0.0 0 267
1340 267 2.95 0 0.0 0 267
1342 267 2.95 0 0.0 0 267
1344 267 2.95 0 0.0 0 267
1346 267 2.95 0 0.0 0 267
1348 267 2.95 0 0.0 0 267
1350 267 2.95 0 0.0 0 267
1352 267 2.95 0 0.0 0 267
1354 267 2.95 0 0.0 0 267
1356 267 2.95 0 0.0 0 267
1358 267 2.95 0 0.0 0 267
1360 267 2.95 0 0.0 0 267
1362 267 2.95 0 0.0 0 267
1364 267 2.95 0 0.0 0 267
1366 267 2.95 0 0.0 0 267
1368 267 2.95 0 0.0 0 267
1370 267 2.95 0 0.0 0 267
1372 267 2.95 0 0.0 0 267
1374 267 2.95 0 0.0 0 267
1376 267 2.95 0 0.0 0 267
1378 267 2.95 0 0.0 0 267
1380 267 2.95 0 0.0 0 267
1382 267 2.95 0 0.0 0 267
1384 267 2.95 0 0.0 0 267
1386 267 2.95 0 0.0 0 267
1388 267 2.95 0 0.0 0 267
1390 267 2.95 0 0.0 0 267
1392 267 2.95 0 0.0 0 267
1394 267 2.95 0 0.0 0 267
1396 267 2.95 0 0.0 0 267
1398 267 2.95 0 0.0 0 267
1400 267 2.95 0 0.0 0 267
1402 267 2.95 0 0.0 0 267
1404 267 2.95 0 0.0 0 267
1406 267 2.95 0 0.0 0 267
1408 267 2.95 0 0.0 0 267
1410 267 2.95 0 0.0 0 267
1412 267 2.95 0 0.0 0 267
1414 267 2.95 0 0.0 0 267
1416 267 2.95 0 0.0 0 267
1418 267 2.95 0 0.0 0 267
1420 267 2.95 0 0.0 0 267
1422 267 2.95 0 0.0 0 267
1424 267 2.95 0 0.0 0 267
1426 267 2.95 0 0.0 0 267
1428 267 2.95 0 0.0 0 267
1430 267 2.95 0 0.0 0 267
1432 267 2.95 0 0.0 0 267
1434 267 2.95 0 0.0 0 267
1436 267 2.95 0 0.0 0 267
1438 267 2.95 0 0.0 0 267
1440 267 2.95 0 0.0 0 267
