Time PAO1_Count PAO1_Conc Glycerol_Count Glycerol_Conc PAO1_Died bacteria_couldn't_eat
0 43 0.26 57811 2.76 0 0
2 43 0.26 57811 2.76 0 0
4 43 0.27 57775 2.76 0 0
6 43 0.27 57732 2.76 0 0
8 43 0.27 57688 2.75 0 0
10 43 0.28 57647 2.75 0 0
12 43 0.28 57605 2.75 0 0
14 43 0.28 57562 2.75 0 0
16 43 0.29 57517 2.75 0 0
18 43 0.29 57473 2.74 0 0
20 43 0.3 57431 2.74 0 0
22 43 0.3 57386 2.74 0 0
24 43 0.3 57342 2.74 0 0
26 43 0.31 57299 2.74 0 0
28 43 0.31 57256 2.73 0 0
30 43 0.31 57211 2.73 0 0
32 43 0.32 57167 2.73 0 0
34 43 0.32 57124 2.73 0 0
36 43 0.32 57082 2.73 0 0
38 43 0.33 57039 2.72 0 0
40 43 0.33 56995 2.72 0 0
42 43 0.34 56952 2.72 0 0
44 43 0.34 56908 2.72 0 0
46 43 0.34 56864 2.72 0 0
48 43 0.35 56820 2.71 0 0
50 43 0.35 56776 2.71 0 0
52 43 0.35 56733 2.71 0 0
54 43 0.36 56688 2.71 0 0
56 43 0.36 56644 2.71 0 0
58 43 0.37 56600 2.7 0 0
60 43 0.37 56553 2.7 0 0
62 43 0.37 56509 2.7 0 0
64 43 0.38 56462 2.7 0 0
66 43 0.38 56415 2.69 0 0
68 43 0.39 56367 2.69 0 0
70 43 0.39 56318 2.69 0 0
72 43 0.39 56273 2.69 0 0
74 43 0.4 56221 2.69 0 0
76 43 0.4 56172 2.68 0 0
78 43 0.41 56124 2.68 0 0
80 43 0.41 56073 2.68 0 0
82 43 0.42 56022 2.68 0 0
84 43 0.42 55972 2.67 0 0
86 43 0.42 55916 2.67 0 0
88 43 0.43 55861 2.67 0 0
90 43 0.43 55804 2.67 0 0
92 43 0.44 55743 2.66 0 0
94 43 0.44 55685 2.66 0 0
96 43 0.45 55619 2.66 0 0
98 43 0.45 55557 2.65 0 0
100 43 0.46 55490 2.65 0 0
102 43 0.47 55413 2.65 0 0
104 43 0.47 55343 2.64 0 0
106 43 0.48 55272 2.64 0 0
108 43 0.49 55202 2.64 0 0
110 43 0.49 55123 2.63 0 0
112 44 0.5 55045 2.63 0 0
114 45 0.51 54965 2.63 0 0
116 49 0.51 54888 2.62 0 0
118 57 0.52 54803 2.62 0 0
120 69 0.53 54719 2.61 0 0
122 80 0.53 54638 2.61 0 0
124 84 0.54 54551 2.61 0 0
126 86 0.55 54467 2.6 0 0
128 86 0.56 54385 2.6 0 0
130 86 0.56 54298 2.59 0 0
132 86 0.57 54209 2.59 0 0
134 86 0.58 54124 2.58 0 0
136 86 0.59 54037 2.58 0 0
138 86 0.59 53951 2.58 0 0
140 86 0.6 53866 2.57 0 0
142 86 0.61 53779 2.57 0 0
144 86 0.62 53691 2.56 0 0
146 86 0.62 53605 2.56 0 0
148 86 0.63 53518 2.56 0 0
150 86 0.64 53433 2.55 0 0
152 86 0.65 53346 2.55 0 0
154 86 0.65 53259 2.54 0 0
156 86 0.66 53173 2.54 0 0
158 86 0.67 53086 2.54 0 0
160 86 0.68 52998 2.53 0 0
162 86 0.68 52910 2.53 0 0
164 86 0.69 52823 2.52 0 0
166 86 0.7 52736 2.52 0 0
168 86 0.71 52650 2.51 0 0
170 86 0.71 52562 2.51 0 0
172 86 0.72 52476 2.51 0 0
174 86 0.73 52386 2.5 0 0
176 86 0.74 52295 2.5 0 0
178 86 0.75 52204 2.49 0 0
180 86 0.75 52113 2.49 0 0
182 86 0.76 52025 2.48 0 0
184 86 0.77 51934 2.48 0 0
186 86 0.78 51841 2.48 0 0
188 86 0.78 51749 2.47 0 0
190 86 0.79 51656 2.47 0 0
192 86 0.8 51556 2.46 0 0
194 86 0.81 51451 2.46 0 0
196 86 0.82 51354 2.45 0 0
198 86 0.83 51252 2.45 0 0
200 86 0.84 51146 2.44 0 0
202 86 0.85 51038 2.44 0 0
204 86 0.86 50924 2.43 0 0
206 86 0.87 50802 2.43 0 0
208 86 0.87 50692 2.42 0 0
210 86 0.89 50561 2.41 0 0
212 86 0.9 50439 2.41 0 0
214 86 0.91 50314 2.4 0 0
216 86 0.92 50178 2.4 0 0
218 86 0.93 50044 2.39 0 0
220 86 0.94 49908 2.38 0 0
222 87 0.95 49769 2.38 0 0
224 87 0.97 49622 2.37 0 0
226 88 0.98 49474 2.36 0 0
228 91 0.99 49314 2.36 0 0
230 94 1.01 49151 2.35 0 0
232 102 1.02 48989 2.34 0 0
234 118 1.04 48822 2.33 0 0
236 128 1.05 48660 2.32 0 0
238 143 1.07 48491 2.32 0 0
240 157 1.08 48328 2.31 0 0
242 165 1.09 48157 2.3 0 0
244 170 1.11 47988 2.29 0 0
246 172 1.12 47814 2.28 0 0
248 172 1.14 47648 2.27 0 0
250 172 1.15 47470 2.27 0 0
252 172 1.17 47302 2.26 0 0
254 172 1.18 47128 2.25 0 0
256 172 1.2 46957 2.24 0 0
258 172 1.21 46784 2.23 0 0
260 172 1.23 46612 2.23 0 0
262 172 1.24 46440 2.22 0 0
264 172 1.26 46269 2.21 0 0
266 172 1.27 46093 2.2 0 0
268 172 1.29 45921 2.19 0 0
270 172 1.3 45749 2.18 0 0
272 172 1.32 45576 2.18 0 0
274 172 1.33 45404 2.17 0 0
276 172 1.35 45230 2.16 0 0
278 172 1.36 45057 2.15 0 0
280 172 1.38 44883 2.14 0 0
282 172 1.39 44711 2.13 0 0
284 172 1.41 44538 2.13 0 0
286 172 1.42 44363 2.12 0 0
288 172 1.44 44185 2.11 0 0
290 172 1.45 44009 2.1 0 0
292 172 1.47 43835 2.09 0 0
294 172 1.48 43656 2.08 0 0
296 172 1.5 43475 2.08 0 0
298 172 1.51 43292 2.07 0 0
300 172 1.53 43106 2.06 0 0
302 172 1.55 42921 2.05 0 0
304 172 1.56 42732 2.04 0 0
306 172 1.58 42543 2.03 0 0
308 172 1.59 42355 2.02 0 0
310 172 1.61 42158 2.01 0 0
312 172 1.63 41958 2.0 0 0
314 172 1.65 41760 1.99 0 0
316 172 1.66 41543 1.98 0 0
318 172 1.68 41333 1.97 0 0
320 172 1.7 41114 1.96 0 0
322 172 1.72 40891 1.95 0 0
324 172 1.74 40668 1.94 0 0
326 172 1.76 40430 1.93 0 0
328 172 1.78 40180 1.92 0 0
330 172 1.8 39923 1.91 0 0
332 172 1.83 39664 1.89 0 0
334 172 1.85 39388 1.88 0 0
336 173 1.87 39114 1.87 0 0
338 173 1.9 38829 1.85 0 0
340 174 1.92 38535 1.84 0 0
342 178 1.95 38241 1.83 0 0
344 183 1.97 37944 1.81 0 0
346 196 2.0 37634 1.8 0 0
348 205 2.03 37324 1.78 0 0
350 225 2.06 37001 1.77 0 0
352 246 2.08 36669 1.75 0 0
354 269 2.11 36344 1.73 0 0
356 289 2.14 36009 1.72 0 0
358 305 2.17 35669 1.7 0 0
360 324 2.2 35330 1.69 0 0
362 333 2.23 34991 1.67 0 0
364 341 2.26 34646 1.65 0 0
366 343 2.29 34304 1.64 0 0
368 344 2.32 33961 1.62 0 0
370 344 2.35 33617 1.6 0 0
372 344 2.38 33272 1.59 0 0
374 344 2.41 32927 1.57 0 0
376 344 2.44 32584 1.55 0 0
378 344 2.47 32239 1.54 0 0
380 344 2.5 31895 1.52 0 0
382 344 2.53 31549 1.5 0 0
384 344 2.56 31204 1.49 0 0
386 344 2.59 30857 1.47 0 0
388 344 2.62 30512 1.46 0 0
390 344 2.65 30164 1.44 0 0
392 344 2.68 29815 1.42 0 0
394 344 2.71 29468 1.41 0 0
396 344 2.74 29121 1.39 0 0
398 344 2.77 28769 1.37 0 0
400 344 2.8 28424 1.36 0 0
402 344 2.83 28077 1.34 0 0
404 344 2.86 27724 1.32 0 0
406 344 2.89 27371 1.31 0 0
408 344 2.92 27012 1.29 0 0
410 344 2.95 26654 1.27 0 0
412 344 2.98 26294 1.25 0 0
414 344 3.01 25928 1.24 0 0
416 344 3.04 25550 1.22 0 0
418 344 3.08 25176 1.2 0 0
420 344 3.11 24802 1.18 0 0
422 344 3.14 24413 1.16 0 0
424 344 3.17 24021 1.15 0 0
426 344 3.21 23636 1.13 0 0
428 344 3.24 23233 1.11 0 0
430 344 3.28 22822 1.09 0 0
432 344 3.31 22412 1.07 0 0
434 344 3.35 22004 1.05 0 0
436 344 3.38 21573 1.03 0 0
438 344 3.42 21125 1.01 0 0
440 344 3.46 20672 0.99 0 0
442 344 3.5 20209 0.97 0 0
444 344 3.54 19721 0.94 0 0
446 344 3.58 19227 0.92 0 0
448 345 3.63 18719 0.89 0 0
450 345 3.67 18190 0.87 0 0
452 345 3.72 17638 0.84 0 0
454 345 3.77 17080 0.82 0 0
456 352 3.82 16520 0.79 0 0
458 359 3.87 15915 0.76 0 0
460 370 3.92 15297 0.73 0 0
462 385 3.98 14677 0.7 0 0
464 407 4.03 14032 0.67 0 0
466 437 4.09 13370 0.64 0 0
468 474 4.15 12723 0.61 0 0
470 522 4.2 12060 0.58 0 0
472 560 4.26 11398 0.54 0 0
474 594 4.32 10728 0.51 0 0
476 627 4.38 10043 0.48 0 0
478 649 4.44 9362 0.45 0 0
480 672 4.5 8674 0.41 0 0
482 681 4.55 7993 0.38 0 0
484 687 4.61 7306 0.35 0 0
486 688 4.67 6617 0.32 0 0
488 688 4.73 5931 0.28 0 0
490 688 4.79 5237 0.25 0 0
492 688 4.85 4550 0.22 0 0
494 688 4.91 3865 0.18 0 1
496 688 4.97 3175 0.15 0 2
498 688 5.03 2506 0.12 0 20
500 688 5.08 1841 0.09 0 26
502 688 5.14 1240 0.06 0 91
504 688 5.18 743 0.04 0 192
506 688 5.21 388 0.02 0 333
508 688 5.23 166 0.01 0 466
510 688 5.24 40 0.0 0 562
512 688 5.24 4 0.0 0 653
514 688 5.24 0 0.0 0 684
516 688 5.24 0 0.0 0 688
518 688 5.24 0 0.0 0 688
520 688 5.24 0 0.0 0 688
522 688 5.24 0 0.0 0 688
524 688 5.24 0 0.0 0 688
526 688 5.24 0 0.0 0 688
528 688 5.24 0 0.0 0 688
530 688 5.24 0 0.0 0 688
532 688 5.24 0 0.0 0 688
534 688 5.24 0 0.0 0 688
536 688 5.24 0 0.0 0 688
538 688 5.24 0 0.0 0 688
540 688 5.24 0 0.0 0 688
542 688 5.24 0 0.0 0 688
544 688 5.24 0 0.0 0 688
546 688 5.24 0 0.0 0 688
548 688 5.24 0 0.0 0 688
550 688 5.24 0 0.0 0 688
552 688 5.24 0 0.0 0 688
554 688 5.24 0 0.0 0 688
556 688 5.24 0 0.0 0 688
558 688 5.24 0 0.0 0 688
560 688 5.24 0 0.0 0 688
562 688 5.24 0 0.0 0 688
564 688 5.24 0 0.0 0 688
566 688 5.24 0 0.0 0 688
568 688 5.24 0 0.0 0 688
570 688 5.24 0 0.0 0 688
572 688 5.24 0 0.0 0 688
574 688 5.24 0 0.0 0 688
576 688 5.24 0 0.0 0 688
578 688 5.24 0 0.0 0 688
580 688 5.24 0 0.0 0 688
582 688 5.24 0 0.0 0 688
584 688 5.24 0 0.0 0 688
586 688 5.24 0 0.0 0 688
588 688 5.24 0 0.0 0 688
590 688 5.24 0 0.0 0 688
592 688 5.24 0 0.0 0 688
594 688 5.24 0 0.0 0 688
596 688 5.24 0 0.0 0 688
598 688 5.24 0 0.0 0 688
600 688 5.24 0 0.0 0 688
602 688 5.24 0 0.0 0 688
604 688 5.24 0 0.0 0 688
606 688 5.24 0 0.0 0 688
608 688 5.24 0 0.0 0 688
610 688 5.24 0 0.0 0 688
612 688 5.24 0 0.0 0 688
614 688 5.24 0 0.0 0 688
616 688 5.24 0 0.0 0 688
618 688 5.24 0 0.0 0 688
620 688 5.24 0 0.0 0 688
622 688 5.24 0 0.0 0 688
624 688 5.24 0 0.0 0 688
626 688 5.24 0 0.0 0 688
628 688 5.24 0 0.0 0 688
630 688 5.24 0 0.0 0 688
632 688 5.24 0 0.0 0 688
634 688 5.24 0 0.0 0 688
636 688 5.24 0 0.0 0 688
638 688 5.24 0 0.0 0 688
640 688 5.24 0 0.0 0 688
642 688 5.24 0 0.0 0 688
644 688 5.24 0 0.0 0 688
646 688 5.24 0 0.0 0 688
648 688 5.24 0 0.0 0 688
650 688 5.24 0 0.0 0 688
652 688 5.24 0 0.0 0 688
654 688 5.24 0 0.0 0 688
656 688 5.24 0 0.0 0 688
658 688 5.24 0 0.0 0 688
660 688 5.24 0 0.0 0 688
662 688 5.24 0 0.0 0 688
664 688 5.24 0 0.0 0 688
666 688 5.24 0 0.0 0 688
668 688 5.24 0 0.0 0 688
670 688 5.24 0 0.0 0 688
672 688 5.24 0 0.0 0 688
674 688 5.24 0 0.0 0 688
676 688 5.24 0 0.0 0 688
678 688 5.24 0 0.0 0 688
680 688 5.24 0 0.0 0 688
682 688 5.24 0 0.0 0 688
684 688 5.24 0 0.0 0 688
686 688 5.24 0 0.0 0 688
688 688 5.24 0 0.0 0 688
690 688 5.24 0 0.0 0 688
692 688 5.24 0 0.0 0 688
694 688 5.24 0 0.0 0 688
696 688 5.24 0 0.0 0 688
698 688 5.24 0 0.0 0 688
700 688 5.24 0 0.0 0 688
702 688 5.24 0 0.0 0 688
704 688 5.24 0 0.0 0 688
706 688 5.24 0 0.0 0 688
708 688 5.24 0 0.0 0 688
710 688 5.24 0 0.0 0 688
712 688 5.24 0 0.0 0 688
714 688 5.24 0 0.0 0 688
716 688 5.24 0 0.0 0 688
718 688 5.24 0 0.0 0 688
720 688 5.24 0 0.0 0 688
722 688 5.24 0 0.0 0 688
724 688 5.24 0 0.0 0 688
726 688 5.24 0 0.0 0 688
728 688 5.24 0 0.0 0 688
730 688 5.24 0 0.0 0 688
732 688 5.24 0 0.0 0 688
734 688 5.24 0 0.0 0 688
736 688 5.24 0 0.0 0 688
738 688 5.24 0 0.0 0 688
740 688 5.24 0 0.0 0 688
742 688 5.24 0 0.0 0 688
744 688 5.24 0 0.0 0 688
746 688 5.24 0 0.0 0 688
748 688 5.24 0 0.0 0 688
750 688 5.24 0 0.0 0 688
752 688 5.24 0 0.0 0 688
754 688 5.24 0 0.0 0 688
756 688 5.24 0 0.0 0 688
758 688 5.24 0 0.0 0 688
760 688 5.24 0 0.0 0 688
762 688 5.24 0 0.0 0 688
764 688 5.24 0 0.0 0 688
766 688 5.24 0 0.0 0 688
768 688 5.24 0 0.0 0 688
770 688 5.24 0 0.0 0 688
772 688 5.24 0 0.0 0 688
774 688 5.24 0 0.0 0 688
776 688 5.24 0 0.0 0 688
778 688 5.24 0 0.0 0 688
780 688 5.24 0 0.0 0 688
782 688 5.24 0 0.0 0 688
784 688 5.24 0 0.0 0 688
786 688 5.24 0 0.0 0 688
788 688 5.24 0 0.0 0 688
790 688 5.24 0 0.0 0 688
792 688 5.24 0 0.0 0 688
794 688 5.24 0 0.0 0 688
796 688 5.24 0 0.0 0 688
798 688 5.24 0 0.0 0 688
800 688 5.24 0 0.0 0 688
802 688 5.24 0 0.0 0 688
804 688 5.24 0 0.0 0 688
806 688 5.24 0 0.0 0 688
808 688 5.24 0 0.0 0 688
810 688 5.24 0 0.0 0 688
812 688 5.24 0 0.0 0 688
814 688 5.24 0 0.0 0 688
816 688 5.24 0 0.0 0 688
818 688 5.24 0 0.0 0 688
820 688 5.24 0 0.0 0 688
822 688 5.24 0 0.0 0 688
824 688 5.24 0 0.0 0 688
826 688 5.24 0 0.0 0 688
828 688 5.24 0 0.0 0 688
830 688 5.24 0 0.0 0 688
832 688 5.24 0 0.0 0 688
834 688 5.24 0 0.0 0 688
836 688 5.24 0 0.0 0 688
838 688 5.24 0 0.0 0 688
840 688 5.24 0 0.0 0 688
842 688 5.24 0 0.0 0 688
844 688 5.24 0 0.0 0 688
846 688 5.24 0 0.0 0 688
848 688 5.24 0 0.0 0 688
850 688 5.24 0 0.0 0 688
852 688 5.24 0 0.0 0 688
854 688 5.24 0 0.0 0 688
856 688 5.24 0 0.0 0 688
858 688 5.24 0 0.0 0 688
860 688 5.24 0 0.0 0 688
862 688 5.24 0 0.0 0 688
864 688 5.24 0 0.0 0 688
866 688 5.24 0 0.0 0 688
868 688 5.24 0 0.0 0 688
870 688 5.24 0 0.0 0 688
872 688 5.24 0 0.0 0 688
874 688 5.24 0 0.0 0 688
876 688 5.24 0 0.0 0 688
878 688 5.24 0 0.0 0 688
880 688 5.24 0 0.0 0 688
882 688 5.24 0 0.0 0 688
884 688 5.24 0 0.0 0 688
886 688 5.24 0 0.0 0 688
888 688 5.24 0 0.0 0 688
890 688 5.24 0 0.0 0 688
892 688 5.24 0 0.0 0 688
894 688 5.24 0 0.0 0 688
896 688 5.24 0 0.0 0 688
898 688 5.24 0 0.0 0 688
900 688 5.24 0 0.0 0 688
902 688 5.24 0 0.0 0 688
904 688 5.24 0 0.0 0 688
906 688 5.24 0 0.0 0 688
908 688 5.24 0 0.0 0 688
910 688 5.24 0 0.0 0 688
912 688 5.24 0 0.0 0 688
914 688 5.24 0 0.0 0 688
916 688 5.24 0 0.0 0 688
918 688 5.24 0 0.0 0 688
920 688 5.24 0 0.0 0 688
922 688 5.24 0 0.0 0 688
924 688 5.24 0 0.0 0 688
926 688 5.24 0 0.0 0 688
928 688 5.24 0 0.0 0 688
930 688 5.24 0 0.0 0 688
932 688 5.24 0 0.0 0 688
934 688 5.24 0 0.0 0 688
936 688 5.24 0 0.0 0 688
938 688 5.24 0 0.0 0 688
940 688 5.24 0 0.0 0 688
942 688 5.24 0 0.0 0 688
944 688 5.24 0 0.0 0 688
946 688 5.24 0 0.0 0 688
948 688 5.24 0 0.0 0 688
950 688 5.24 0 0.0 0 688
952 688 5.24 0 0.0 0 688
954 688 5.24 0 0.0 0 688
956 688 5.24 0 0.0 0 688
958 688 5.24 0 0.0 0 688
960 688 5.24 0 0.0 0 688
962 688 5.24 0 0.0 0 688
964 688 5.24 0 0.0 0 688
966 688 5.24 0 0.0 0 688
968 688 5.24 0 0.0 0 688
970 688 5.24 0 0.0 0 688
972 688 5.24 0 0.0 0 688
974 688 5.24 0 0.0 0 688
976 688 5.24 0 0.0 0 688
978 688 5.24 0 0.0 0 688
980 688 5.24 0 0.0 0 688
982 688 5.24 0 0.0 0 688
984 688 5.24 0 0.0 0 688
986 688 5.24 0 0.0 0 688
988 688 5.24 0 0.0 0 688
990 688 5.24 0 0.0 0 688
992 688 5.24 0 0.0 0 688
994 688 5.24 0 0.0 0 688
996 688 5.24 0 0.0 0 688
998 688 5.24 0 0.0 0 688
1000 688 5.24 0 0.0 0 688
1002 688 5.24 0 0.0 0 688
1004 688 5.24 0 0.0 0 688
1006 688 5.24 0 0.0 0 688
1008 688 5.24 0 0.0 0 688
1010 688 5.24 0 0.0 0 688
1012 688 5.24 0 0.0 0 688
1014 688 5.24 0 0.0 0 688
1016 688 5.24 0 0.0 0 688
1018 688 5.24 0 0.0 0 688
1020 688 5.24 0 0.0 0 688
1022 688 5.24 0 0.0 0 688
1024 688 5.24 0 0.0 0 688
1026 688 5.24 0 0.0 0 688
1028 688 5.24 0 0.0 0 688
1030 688 5.24 0 0.0 0 688
1032 688 5.24 0 0.0 0 688
1034 688 5.24 0 0.0 0 688
1036 688 5.24 0 0.0 0 688
1038 688 5.24 0 0.0 0 688
1040 688 5.24 0 0.0 0 688
1042 688 5.24 0 0.0 0 688
1044 688 5.24 0 0.0 0 688
1046 688 5.24 0 0.0 0 688
1048 688 5.24 0 0.0 0 688
1050 688 5.24 0 0.0 0 688
1052 688 5.24 0 0.0 0 688
1054 688 5.24 0 0.0 0 688
1056 688 5.24 0 0.0 0 688
1058 688 5.24 0 0.0 0 688
1060 688 5.24 0 0.0 0 688
1062 688 5.24 0 0.0 0 688
1064 688 5.24 0 0.0 0 688
1066 688 5.24 0 0.0 0 688
1068 688 5.24 0 0.0 0 688
1070 688 5.24 0 0.0 0 688
1072 688 5.24 0 0.0 0 688
1074 688 5.24 0 0.0 0 688
1076 688 5.24 0 0.0 0 688
1078 688 5.24 0 0.0 0 688
1080 688 5.24 0 0.0 0 688
1082 688 5.24 0 0.0 0 688
1084 688 5.24 0 0.0 0 688
1086 688 5.24 0 0.0 0 688
1088 688 5.24 0 0.0 0 688
1090 688 5.24 0 0.0 0 688
1092 688 5.24 0 0.0 0 688
1094 688 5.24 0 0.0 0 688
1096 688 5.24 0 0.0 0 688
1098 688 5.24 0 0.0 0 688
1100 688 5.24 0 0.0 0 688
1102 688 5.24 0 0.0 0 688
1104 688 5.24 0 0.0 0 688
1106 688 5.24 0 0.0 0 688
1108 688 5.24 0 0.0 0 688
1110 688 5.24 0 0.0 0 688
1112 688 5.24 0 0.0 0 688
1114 688 5.24 0 0.0 0 688
1116 688 5.24 0 0.0 0 688
1118 688 5.24 0 0.0 0 688
1120 688 5.24 0 0.0 0 688
1122 688 5.24 0 0.0 0 688
1124 688 5.24 0 0.0 0 688
1126 688 5.24 0 0.0 0 688
1128 688 5.24 0 0.0 0 688
1130 688 5.24 0 0.0 0 688
1132 688 5.24 0 0.0 0 688
1134 688 5.24 0 0.0 0 688
1136 688 5.24 0 0.0 0 688
1138 688 5.24 0 0.0 0 688
1140 688 5.24 0 0.0 0 688
1142 688 5.24 0 0.0 0 688
1144 688 5.24 0 0.0 0 688
1146 688 5.24 0 0.0 0 688
1148 688 5.24 0 0.0 0 688
1150 688 5.24 0 0.0 0 688
1152 688 5.24 0 0.0 0 688
1154 688 5.24 0 0.0 0 688
1156 688 5.24 0 0.0 0 688
1158 688 5.24 0 0.0 0 688
1160 688 5.24 0 0.0 0 688
1162 688 5.24 0 0.0 0 688
1164 688 5.24 0 0.0 0 688
1166 688 5.24 0 0.0 0 688
1168 688 5.24 0 0.0 0 688
1170 688 5.24 0 0.0 0 688
1172 688 5.24 0 0.0 0 688
1174 688 5.24 0 0.0 0 688
1176 688 5.24 0 0.0 0 688
1178 688 5.24 0 0.0 0 688
1180 688 5.24 0 0.0 0 688
1182 688 5.24 0 0.0 0 688
1184 688 5.24 0 0.0 0 688
1186 688 5.24 0 0.0 0 688
1188 688 5.24 0 0.0 0 688
1190 688 5.24 0 0.0 0 688
1192 688 5.24 0 0.0 0 688
1194 688 5.24 0 0.0 0 688
1196 688 5.24 0 0.0 0 688
1198 688 5.24 0 0.0 0 688
1200 688 5.24 0 0.0 0 688
1202 688 5.24 0 0.0 0 688
1204 688 5.24 0 0.0 0 688
1206 688 5.24 0 0.0 0 688
1208 688 5.24 0 0.0 0 688
1210 688 5.24 0 0.0 0 688
1212 688 5.24 0 0.0 0 688
1214 688 5.24 0 0.0 0 688
1216 688 5.24 0 0.0 0 688
1218 688 5.24 0 0.0 0 688
1220 688 5.24 0 0.0 0 688
1222 688 5.24 0 0.0 0 688
1224 688 5.24 0 0.0 0 688
1226 688 5.24 0 0.0 0 688
1228 688 5.24 0 0.0 0 688
1230 688 5.24 0 0.0 0 688
1232 688 5.24 0 0.0 0 688
1234 688 5.24 0 0.0 0 688
1236 688 5.24 0 0.0 0 688
1238 688 5.24 0 0.0 0 688
1240 688 5.24 0 0.0 0 688
1242 688 5.24 0 0.0 0 688
1244 688 5.24 0 0.0 0 688
1246 688 5.24 0 0.0 0 688
1248 688 5.24 0 0.0 0 688
1250 688 5.24 0 0.0 0 688
1252 688 5.24 0 0.0 0 688
1254 688 5.24 0 0.0 0 688
1256 688 5.24 0 0.0 0 688
1258 688 5.24 0 0.0 0 688
1260 688 5.24 0 0.0 0 688
1262 688 5.24 0 0.0 0 688
1264 688 5.24 0 0.0 0 688
1266 688 5.24 0 0.0 0 688
1268 688 5.24 0 0.0 0 688
1270 688 5.24 0 0.0 0 688
1272 688 5.24 0 0.0 0 688
1274 688 5.24 0 0.0 0 688
1276 688 5.24 0 0.0 0 688
1278 688 5.24 0 0.0 0 688
1280 688 5.24 0 0.0 0 688
1282 688 5.24 0 0.0 0 688
1284 688 5.24 0 0.0 0 688
1286 688 5.24 0 0.0 0 688
1288 688 5.24 0 0.0 0 688
1290 688 5.24 0 0.0 0 688
1292 688 5.24 0 0.0 0 688
1294 688 5.24 0 0.0 0 688
1296 688 5.24 0 0.0 0 688
1298 688 5.24 0 0.0 0 688
1300 688 5.24 0 0.0 0 688
1302 688 5.24 0 0.0 0 688
1304 688 5.24 0 0.0 0 688
1306 688 5.24 0 0.0 0 688
1308 688 5.24 0 0.0 0 688
1310 688 5.24 0 0.0 0 688
1312 688 5.24 0 0.0 0 688
1314 688 5.24 0 0.0 0 688
1316 688 5.24 0 0.0 0 688
1318 688 5.24 0 0.0 0 688
1320 688 5.24 0 0.0 0 688
1322 688 5.24 0 0.0 0 688
1324 688 5.24 0 0.0 0 688
1326 688 5.24 0 0.0 0 688
1328 688 5.24 0 0.0 0 688
1330 688 5.24 0 0.0 0 688
1332 688 5.24 0 0.0 0 688
1334 688 5.24 0 0.0 0 688
1336 688 5.24 0 0.0 0 688
1338 688 5.24 0 0.0 0 688
1340 688 5.24 0 0.0 0 688
1342 688 5.24 0 0.0 0 688
1344 688 5.24 0 0.0 0 688
1346 688 5.24 0 0.0 0 688
1348 688 5.24 0 0.0 0 688
1350 688 5.24 0 0.0 0 688
1352 688 5.24 0 0.0 0 688
1354 688 5.24 0 0.0 0 688
1356 688 5.24 0 0.0 0 688
1358 688 5.24 0 0.0 0 688
1360 688 5.24 0 0.0 0 688
1362 688 5.24 0 0.0 0 688
1364 688 5.24 0 0.0 0 688
1366 688 5.24 0 0.0 0 688
1368 688 5.24 0 0.0 0 688
1370 688 5.24 0 0.0 0 688
1372 688 5.24 0 0.0 0 688
1374 688 5.24 0 0.0 0 688
1376 688 5.24 0 0.0 0 688
1378 688 5.24 0 0.0 0 688
1380 688 5.24 0 0.0 0 688
1382 688 5.24 0 0.0 0 688
1384 688 5.24 0 0.0 0 688
1386 688 5.24 0 0.0 0 688
1388 688 5.24 0 0.0 0 688
1390 688 5.24 0 0.0 0 688
1392 688 5.24 0 0.0 0 688
1394 688 5.24 0 0.0 0 688
1396 688 5.24 0 0.0 0 688
1398 688 5.24 0 0.0 0 688
1400 688 5.24 0 0.0 0 688
1402 688 5.24 0 0.0 0 688
1404 688 5.24 0 0.0 0 688
1406 688 5.24 0 0.0 0 688
1408 688 5.24 0 0.0 0 688
1410 688 5.24 0 0.0 0 688
1412 688 5.24 0 0.0 0 688
1414 688 5.24 0 0.0 0 688
1416 688 5.24 0 0.0 0 688
1418 688 5.24 0 0.0 0 688
1420 688 5.24 0 0.0 0 688
1422 688 5.24 0 0.0 0 688
1424 688 5.24 0 0.0 0 688
1426 688 5.24 0 0.0 0 688
1428 688 5.24 0 0.0 0 688
1430 688 5.24 0 0.0 0 688
1432 688 5.24 0 0.0 0 688
1434 688 5.24 0 0.0 0 688
1436 688 5.24 0 0.0 0 688
1438 688 5.24 0 0.0 0 688
1440 688 5.24 0 0.0 0 688
