Time PAO1_Count PAO1_Conc Glycerol_Count Glycerol_Conc PAO1_Died bacteria_couldn't_eat
0 43 0.26 57811 2.76 0 0
2 43 0.26 57811 2.76 0 0
4 43 0.45 56038 2.68 0 0
6 128 0.79 52950 2.53 0 0
8 130 1.36 47678 2.28 0 0
10 326 2.23 39593 1.89 0 0
12 385 3.49 27901 1.33 0 24
14 606 4.84 15011 0.71 0 26
16 662 5.73 6102 0.29 0 147
18 704 6.11 1883 0.09 0 168
20 714 6.24 457 0.02 0 339
22 719 6.28 56 0.0 0 516
24 721 6.28 8 0.0 0 677
26 721 6.28 0 0.0 0 713
28 721 6.28 0 0.0 0 721
30 721 6.28 0 0.0 0 721
32 721 6.28 0 0.0 0 721
34 721 6.28 0 0.0 0 721
36 721 6.28 0 0.0 0 721
38 721 6.28 0 0.0 0 721
40 721 6.28 0 0.0 0 721
42 721 6.28 0 0.0 0 721
44 721 6.28 0 0.0 0 721
46 721 6.28 0 0.0 0 721
48 721 6.28 0 0.0 0 721
50 721 6.28 0 0.0 0 721
52 721 6.28 0 0.0 0 721
54 721 6.28 0 0.0 0 721
56 721 6.28 0 0.0 0 721
58 721 6.28 0 0.0 0 721
60 721 6.28 0 0.0 0 721
62 721 6.28 0 0.0 0 721
64 721 6.28 0 0.0 0 721
66 721 6.28 0 0.0 0 721
68 721 6.28 0 0.0 0 721
70 721 6.28 0 0.0 0 721
72 721 6.28 0 0.0 0 721
74 721 6.28 0 0.0 0 721
76 721 6.28 0 0.0 0 721
78 721 6.28 0 0.0 0 721
80 721 6.28 0 0.0 0 721
82 721 6.28 0 0.0 0 721
84 721 6.28 0 0.0 0 721
86 721 6.28 0 0.0 0 721
88 721 6.28 0 0.0 0 721
90 721 6.28 0 0.0 0 721
92 721 6.28 0 0.0 0 721
94 721 6.28 0 0.0 0 721
96 721 6.28 0 0.0 0 721
98 721 6.28 0 0.0 0 721
100 721 6.28 0 0.0 0 721
102 721 6.28 0 0.0 0 721
104 721 6.28 0 0.0 0 721
106 721 6.28 0 0.0 0 721
108 721 6.28 0 0.0 0 721
110 721 6.28 0 0.0 0 721
112 721 6.28 0 0.0 0 721
114 721 6.28 0 0.0 0 721
116 721 6.28 0 0.0 0 721
118 721 6.28 0 0.0 0 721
120 721 6.28 0 0.0 0 721
122 721 6.28 0 0.0 0 721
124 721 6.28 0 0.0 0 721
126 721 6.28 0 0.0 0 721
128 721 6.28 0 0.0 0 721
130 721 6.28 0 0.0 0 721
132 721 6.28 0 0.0 0 721
134 721 6.28 0 0.0 0 721
136 721 6.28 0 0.0 0 721
138 721 6.28 0 0.0 0 721
140 721 6.28 0 0.0 0 721
142 721 6.28 0 0.0 0 721
144 721 6.28 0 0.0 0 721
146 721 6.28 0 0.0 0 721
148 721 6.28 0 0.0 0 721
150 721 6.28 0 0.0 0 721
152 721 6.28 0 0.0 0 721
154 721 6.28 0 0.0 0 721
156 721 6.28 0 0.0 0 721
158 721 6.28 0 0.0 0 721
160 721 6.28 0 0.0 0 721
162 721 6.28 0 0.0 0 721
164 721 6.28 0 0.0 0 721
166 721 6.28 0 0.0 0 721
168 721 6.28 0 0.0 0 721
170 721 6.28 0 0.0 0 721
172 721 6.28 0 0.0 0 721
174 721 6.28 0 0.0 0 721
176 721 6.28 0 0.0 0 721
178 721 6.28 0 0.0 0 721
180 721 6.28 0 0.0 0 721
182 721 6.28 0 0.0 0 721
184 721 6.28 0 0.0 0 721
186 721 6.28 0 0.0 0 721
188 721 6.28 0 0.0 0 721
190 721 6.28 0 0.0 0 721
192 721 6.28 0 0.0 0 721
194 721 6.28 0 0.0 0 721
196 721 6.28 0 0.0 0 721
198 721 6.28 0 0.0 0 721
200 721 6.28 0 0.0 0 721
202 721 6.28 0 0.0 0 721
204 721 6.28 0 0.0 0 721
206 721 6.28 0 0.0 0 721
208 721 6.28 0 0.0 0 721
210 721 6.28 0 0.0 0 721
212 721 6.28 0 0.0 0 721
214 721 6.28 0 0.0 0 721
216 721 6.28 0 0.0 0 721
218 721 6.28 0 0.0 0 721
220 721 6.28 0 0.0 0 721
222 721 6.28 0 0.0 0 721
224 721 6.28 0 0.0 0 721
226 721 6.28 0 0.0 0 721
228 721 6.28 0 0.0 0 721
230 721 6.28 0 0.0 0 721
232 721 6.28 0 0.0 0 721
234 721 6.28 0 0.0 0 721
236 721 6.28 0 0.0 0 721
238 721 6.28 0 0.0 0 721
240 721 6.28 0 0.0 0 721
242 721 6.28 0 0.0 0 721
244 721 6.28 0 0.0 0 721
246 721 6.28 0 0.0 0 721
248 721 6.28 0 0.0 0 721
250 721 6.28 0 0.0 0 721
252 721 6.28 0 0.0 0 721
254 721 6.28 0 0.0 0 721
256 721 6.28 0 0.0 0 721
258 721 6.28 0 0.0 0 721
260 721 6.28 0 0.0 0 721
262 721 6.28 0 0.0 0 721
264 721 6.28 0 0.0 0 721
266 721 6.28 0 0.0 0 721
268 721 6.28 0 0.0 0 721
270 721 6.28 0 0.0 0 721
272 721 6.28 0 0.0 0 721
274 721 6.28 0 0.0 0 721
276 721 6.28 0 0.0 0 721
278 721 6.28 0 0.0 0 721
280 721 6.28 0 0.0 0 721
282 721 6.28 0 0.0 0 721
284 721 6.28 0 0.0 0 721
286 721 6.28 0 0.0 0 721
288 721 6.28 0 0.0 0 721
290 721 6.28 0 0.0 0 721
292 721 6.28 0 0.0 0 721
294 721 6.28 0 0.0 0 721
296 721 6.28 0 0.0 0 721
298 721 6.28 0 0.0 0 721
300 721 6.28 0 0.0 0 721
302 721 6.28 0 0.0 0 721
304 721 6.28 0 0.0 0 721
306 721 6.28 0 0.0 0 721
308 721 6.28 0 0.0 0 721
310 721 6.28 0 0.0 0 721
312 721 6.28 0 0.0 0 721
314 721 6.28 0 0.0 0 721
316 721 6.28 0 0.0 0 721
318 721 6.28 0 0.0 0 721
320 721 6.28 0 0.0 0 721
322 721 6.28 0 0.0 0 721
324 721 6.28 0 0.0 0 721
326 721 6.28 0 0.0 0 721
328 721 6.28 0 0.0 0 721
330 721 6.28 0 0.0 0 721
332 721 6.28 0 0.0 0 721
334 721 6.28 0 0.0 0 721
336 721 6.28 0 0.0 0 721
338 721 6.28 0 0.0 0 721
340 721 6.28 0 0.0 0 721
342 721 6.28 0 0.0 0 721
344 721 6.28 0 0.0 0 721
346 721 6.28 0 0.0 0 721
348 721 6.28 0 0.0 0 721
350 721 6.28 0 0.0 0 721
352 721 6.28 0 0.0 0 721
354 721 6.28 0 0.0 0 721
356 721 6.28 0 0.0 0 721
358 721 6.28 0 0.0 0 721
360 721 6.28 0 0.0 0 721
362 721 6.28 0 0.0 0 721
364 721 6.28 0 0.0 0 721
366 721 6.28 0 0.0 0 721
368 721 6.28 0 0.0 0 721
370 721 6.28 0 0.0 0 721
372 721 6.28 0 0.0 0 721
374 721 6.28 0 0.0 0 721
376 721 6.28 0 0.0 0 721
378 721 6.28 0 0.0 0 721
380 721 6.28 0 0.0 0 721
382 721 6.28 0 0.0 0 721
384 721 6.28 0 0.0 0 721
386 721 6.28 0 0.0 0 721
388 721 6.28 0 0.0 0 721
390 721 6.28 0 0.0 0 721
392 721 6.28 0 0.0 0 721
394 721 6.28 0 0.0 0 721
396 721 6.28 0 0.0 0 721
398 721 6.28 0 0.0 0 721
400 721 6.28 0 0.0 0 721
402 721 6.28 0 0.0 0 721
404 721 6.28 0 0.0 0 721
406 721 6.28 0 0.0 0 721
408 721 6.28 0 0.0 0 721
410 721 6.28 0 0.0 0 721
412 721 6.28 0 0.0 0 721
414 721 6.28 0 0.0 0 721
416 721 6.28 0 0.0 0 721
418 721 6.28 0 0.0 0 721
420 721 6.28 0 0.0 0 721
422 721 6.28 0 0.0 0 721
424 721 6.28 0 0.0 0 721
426 721 6.28 0 0.0 0 721
428 721 6.28 0 0.0 0 721
430 721 6.28 0 0.0 0 721
432 721 6.28 0 0.0 0 721
434 721 6.28 0 0.0 0 721
436 721 6.28 0 0.0 0 721
438 721 6.28 0 0.0 0 721
440 721 6.28 0 0.0 0 721
442 721 6.28 0 0.0 0 721
444 721 6.28 0 0.0 0 721
446 721 6.28 0 0.0 0 721
448 721 6.28 0 0.0 0 721
450 721 6.28 0 0.0 0 721
452 721 6.28 0 0.0 0 721
454 721 6.28 0 0.0 0 721
456 721 6.28 0 0.0 0 721
458 721 6.28 0 0.0 0 721
460 721 6.28 0 0.0 0 721
462 721 6.28 0 0.0 0 721
464 721 6.28 0 0.0 0 721
466 721 6.28 0 0.0 0 721
468 721 6.28 0 0.0 0 721
470 721 6.28 0 0.0 0 721
472 721 6.28 0 0.0 0 721
474 721 6.28 0 0.0 0 721
476 721 6.28 0 0.0 0 721
478 721 6.28 0 0.0 0 721
480 721 6.28 0 0.0 0 721
482 721 6.28 0 0.0 0 721
484 721 6.28 0 0.0 0 721
486 721 6.28 0 0.0 0 721
488 721 6.28 0 0.0 0 721
490 721 6.28 0 0.0 0 721
492 721 6.28 0 0.0 0 721
494 721 6.28 0 0.0 0 721
496 721 6.28 0 0.0 0 721
498 721 6.28 0 0.0 0 721
500 721 6.28 0 0.0 0 721
502 721 6.28 0 0.0 0 721
504 721 6.28 0 0.0 0 721
506 721 6.28 0 0.0 0 721
508 721 6.28 0 0.0 0 721
510 721 6.28 0 0.0 0 721
512 721 6.28 0 0.0 0 721
514 721 6.28 0 0.0 0 721
516 721 6.28 0 0.0 0 721
518 721 6.28 0 0.0 0 721
520 721 6.28 0 0.0 0 721
522 721 6.28 0 0.0 0 721
524 721 6.28 0 0.0 0 721
526 721 6.28 0 0.0 0 721
528 721 6.28 0 0.0 0 721
530 721 6.28 0 0.0 0 721
532 721 6.28 0 0.0 0 721
534 721 6.28 0 0.0 0 721
536 721 6.28 0 0.0 0 721
538 721 6.28 0 0.0 0 721
540 721 6.28 0 0.0 0 721
542 721 6.28 0 0.0 0 721
544 721 6.28 0 0.0 0 721
546 721 6.28 0 0.0 0 721
548 721 6.28 0 0.0 0 721
550 721 6.28 0 0.0 0 721
552 721 6.28 0 0.0 0 721
554 721 6.28 0 0.0 0 721
556 721 6.28 0 0.0 0 721
558 721 6.28 0 0.0 0 721
560 721 6.28 0 0.0 0 721
562 721 6.28 0 0.0 0 721
564 721 6.28 0 0.0 0 721
566 721 6.28 0 0.0 0 721
568 721 6.28 0 0.0 0 721
570 721 6.28 0 0.0 0 721
572 721 6.28 0 0.0 0 721
574 721 6.28 0 0.0 0 721
576 721 6.28 0 0.0 0 721
578 721 6.28 0 0.0 0 721
580 721 6.28 0 0.0 0 721
582 721 6.28 0 0.0 0 721
584 721 6.28 0 0.0 0 721
586 721 6.28 0 0.0 0 721
588 721 6.28 0 0.0 0 721
590 721 6.28 0 0.0 0 721
592 721 6.28 0 0.0 0 721
594 721 6.28 0 0.0 0 721
596 721 6.28 0 0.0 0 721
598 721 6.28 0 0.0 0 721
600 721 6.28 0 0.0 0 721
602 721 6.28 0 0.0 0 721
604 721 6.28 0 0.0 0 721
606 721 6.28 0 0.0 0 721
608 721 6.28 0 0.0 0 721
610 721 6.28 0 0.0 0 721
612 721 6.28 0 0.0 0 721
614 721 6.28 0 0.0 0 721
616 721 6.28 0 0.0 0 721
618 721 6.28 0 0.0 0 721
620 721 6.28 0 0.0 0 721
622 721 6.28 0 0.0 0 721
624 721 6.28 0 0.0 0 721
626 721 6.28 0 0.0 0 721
628 721 6.28 0 0.0 0 721
630 721 6.28 0 0.0 0 721
632 721 6.28 0 0.0 0 721
634 721 6.28 0 0.0 0 721
636 721 6.28 0 0.0 0 721
638 721 6.28 0 0.0 0 721
640 721 6.28 0 0.0 0 721
642 721 6.28 0 0.0 0 721
644 721 6.28 0 0.0 0 721
646 721 6.28 0 0.0 0 721
648 721 6.28 0 0.0 0 721
650 721 6.28 0 0.0 0 721
652 721 6.28 0 0.0 0 721
654 721 6.28 0 0.0 0 721
656 721 6.28 0 0.0 0 721
658 721 6.28 0 0.0 0 721
660 721 6.28 0 0.0 0 721
662 721 6.28 0 0.0 0 721
664 721 6.28 0 0.0 0 721
666 721 6.28 0 0.0 0 721
668 721 6.28 0 0.0 0 721
670 721 6.28 0 0.0 0 721
672 721 6.28 0 0.0 0 721
674 721 6.28 0 0.0 0 721
676 721 6.28 0 0.0 0 721
678 721 6.28 0 0.0 0 721
680 721 6.28 0 0.0 0 721
682 721 6.28 0 0.0 0 721
684 721 6.28 0 0.0 0 721
686 721 6.28 0 0.0 0 721
688 721 6.28 0 0.0 0 721
690 721 6.28 0 0.0 0 721
692 721 6.28 0 0.0 0 721
694 721 6.28 0 0.0 0 721
696 721 6.28 0 0.0 0 721
698 721 6.28 0 0.0 0 721
700 721 6.28 0 0.0 0 721
702 721 6.28 0 0.0 0 721
704 721 6.28 0 0.0 0 721
706 721 6.28 0 0.0 0 721
708 721 6.28 0 0.0 0 721
710 721 6.28 0 0.0 0 721
712 721 6.28 0 0.0 0 721
714 721 6.28 0 0.0 0 721
716 721 6.28 0 0.0 0 721
718 721 6.28 0 0.0 0 721
720 721 6.28 0 0.0 0 721
722 721 6.28 0 0.0 0 721
724 721 6.28 0 0.0 0 721
726 721 6.28 0 0.0 0 721
728 721 6.28 0 0.0 0 721
730 721 6.28 0 0.0 0 721
732 721 6.28 0 0.0 0 721
734 721 6.28 0 0.0 0 721
736 721 6.28 0 0.0 0 721
738 721 6.28 0 0.0 0 721
740 721 6.28 0 0.0 0 721
742 721 6.28 0 0.0 0 721
744 721 6.28 0 0.0 0 721
746 721 6.28 0 0.0 0 721
748 721 6.28 0 0.0 0 721
750 721 6.28 0 0.0 0 721
752 721 6.28 0 0.0 0 721
754 721 6.28 0 0.0 0 721
756 721 6.28 0 0.0 0 721
758 721 6.28 0 0.0 0 721
760 721 6.28 0 0.0 0 721
762 721 6.28 0 0.0 0 721
764 721 6.28 0 0.0 0 721
766 721 6.28 0 0.0 0 721
768 721 6.28 0 0.0 0 721
770 721 6.28 0 0.0 0 721
772 721 6.28 0 0.0 0 721
774 721 6.28 0 0.0 0 721
776 721 6.28 0 0.0 0 721
778 721 6.28 0 0.0 0 721
780 721 6.28 0 0.0 0 721
782 721 6.28 0 0.0 0 721
784 721 6.28 0 0.0 0 721
786 721 6.28 0 0.0 0 721
788 721 6.28 0 0.0 0 721
790 721 6.28 0 0.0 0 721
792 721 6.28 0 0.0 0 721
794 721 6.28 0 0.0 0 721
796 721 6.28 0 0.0 0 721
798 721 6.28 0 0.0 0 721
800 721 6.28 0 0.0 0 721
802 721 6.28 0 0.0 0 721
804 721 6.28 0 0.0 0 721
806 721 6.28 0 0.0 0 721
808 721 6.28 0 0.0 0 721
810 721 6.28 0 0.0 0 721
812 721 6.28 0 0.0 0 721
814 721 6.28 0 0.0 0 721
816 721 6.28 0 0.0 0 721
818 721 6.28 0 0.0 0 721
820 721 6.28 0 0.0 0 721
822 721 6.28 0 0.0 0 721
824 721 6.28 0 0.0 0 721
826 721 6.28 0 0.0 0 721
828 721 6.28 0 0.0 0 721
830 721 6.28 0 0.0 0 721
832 721 6.28 0 0.0 0 721
834 721 6.28 0 0.0 0 721
836 721 6.28 0 0.0 0 721
838 721 6.28 0 0.0 0 721
840 721 6.28 0 0.0 0 721
842 721 6.28 0 0.0 0 721
844 721 6.28 0 0.0 0 721
846 721 6.28 0 0.0 0 721
848 721 6.28 0 0.0 0 721
850 721 6.28 0 0.0 0 721
852 721 6.28 0 0.0 0 721
854 721 6.28 0 0.0 0 721
856 721 6.28 0 0.0 0 721
858 721 6.28 0 0.0 0 721
860 721 6.28 0 0.0 0 721
862 721 6.28 0 0.0 0 721
864 721 6.28 0 0.0 0 721
866 721 6.28 0 0.0 0 721
868 721 6.28 0 0.0 0 721
870 721 6.28 0 0.0 0 721
872 721 6.28 0 0.0 0 721
874 721 6.28 0 0.0 0 721
876 721 6.28 0 0.0 0 721
878 721 6.28 0 0.0 0 721
880 721 6.28 0 0.0 0 721
882 721 6.28 0 0.0 0 721
884 721 6.28 0 0.0 0 721
886 721 6.28 0 0.0 0 721
888 721 6.28 0 0.0 0 721
890 721 6.28 0 0.0 0 721
892 721 6.28 0 0.0 0 721
894 720 6.27 0 0.0 1 721
896 720 6.27 0 0.0 1 720
898 720 6.27 0 0.0 1 720
900 720 6.27 0 0.0 1 720
902 720 6.27 0 0.0 1 720
904 720 6.27 0 0.0 1 720
906 720 6.27 0 0.0 1 720
908 720 6.27 0 0.0 1 720
910 720 6.27 0 0.0 1 720
912 720 6.27 0 0.0 1 720
914 720 6.27 0 0.0 1 720
916 720 6.27 0 0.0 1 720
918 720 6.27 0 0.0 1 720
920 720 6.27 0 0.0 1 720
922 720 6.27 0 0.0 1 720
924 720 6.27 0 0.0 1 720
926 720 6.27 0 0.0 1 720
928 720 6.27 0 0.0 1 720
930 720 6.27 0 0.0 1 720
932 720 6.27 0 0.0 1 720
934 720 6.27 0 0.0 1 720
936 720 6.27 0 0.0 1 720
938 720 6.27 0 0.0 1 720
940 720 6.27 0 0.0 1 720
942 720 6.27 0 0.0 1 720
944 720 6.27 0 0.0 1 720
946 720 6.27 0 0.0 1 720
948 720 6.27 0 0.0 1 720
950 720 6.27 0 0.0 1 720
952 720 6.27 0 0.0 1 720
954 720 6.27 0 0.0 1 720
956 720 6.27 0 0.0 1 720
958 720 6.27 0 0.0 1 720
960 720 6.27 0 0.0 1 720
962 720 6.27 0 0.0 1 720
964 719 6.27 0 0.0 2 720
966 719 6.27 0 0.0 2 719
968 719 6.27 0 0.0 2 719
970 719 6.27 0 0.0 2 719
972 719 6.27 0 0.0 2 719
974 719 6.27 0 0.0 2 719
976 719 6.27 0 0.0 2 719
978 719 6.27 0 0.0 2 719
980 719 6.27 0 0.0 2 719
982 719 6.27 0 0.0 2 719
984 719 6.27 0 0.0 2 719
986 719 6.27 0 0.0 2 719
988 719 6.27 0 0.0 2 719
990 719 6.27 0 0.0 2 719
992 719 6.27 0 0.0 2 719
994 719 6.27 0 0.0 2 719
996 719 6.27 0 0.0 2 719
998 719 6.27 0 0.0 2 719
1000 719 6.27 0 0.0 2 719
1002 719 6.27 0 0.0 2 719
1004 719 6.27 0 0.0 2 719
1006 719 6.27 0 0.0 2 719
1008 719 6.27 0 0.0 2 719
1010 719 6.27 0 0.0 2 719
1012 719 6.27 0 0.0 2 719
1014 719 6.27 0 0.0 2 719
1016 719 6.27 0 0.0 2 719
1018 719 6.27 0 0.0 2 719
1020 719 6.27 0 0.0 2 719
1022 719 6.27 0 0.0 2 719
1024 719 6.27 0 0.0 2 719
1026 719 6.27 0 0.0 2 719
1028 719 6.27 0 0.0 2 719
1030 719 6.27 0 0.0 2 719
1032 719 6.27 0 0.0 2 719
1034 719 6.27 0 0.0 2 719
1036 719 6.27 0 0.0 2 719
1038 719 6.27 0 0.0 2 719
1040 719 6.27 0 0.0 2 719
1042 719 6.27 0 0.0 2 719
1044 719 6.27 0 0.0 2 719
1046 719 6.27 0 0.0 2 719
1048 719 6.27 0 0.0 2 719
1050 719 6.27 0 0.0 2 719
1052 719 6.27 0 0.0 2 719
1054 719 6.27 0 0.0 2 719
1056 719 6.27 0 0.0 2 719
1058 719 6.27 0 0.0 2 719
1060 719 6.27 0 0.0 2 719
1062 719 6.27 0 0.0 2 719
1064 719 6.27 0 0.0 2 719
1066 719 6.27 0 0.0 2 719
1068 719 6.27 0 0.0 2 719
1070 719 6.27 0 0.0 2 719
1072 719 6.27 0 0.0 2 719
1074 719 6.27 0 0.0 2 719
1076 719 6.27 0 0.0 2 719
1078 719 6.27 0 0.0 2 719
1080 719 6.27 0 0.0 2 719
1082 719 6.27 0 0.0 2 719
1084 719 6.27 0 0.0 2 719
1086 719 6.27 0 0.0 2 719
1088 719 6.27 0 0.0 2 719
1090 719 6.27 0 0.0 2 719
1092 719 6.27 0 0.0 2 719
1094 719 6.27 0 0.0 2 719
1096 719 6.27 0 0.0 2 719
1098 719 6.27 0 0.0 2 719
1100 719 6.27 0 0.0 2 719
1102 719 6.27 0 0.0 2 719
1104 719 6.27 0 0.0 2 719
1106 719 6.27 0 0.0 2 719
1108 719 6.27 0 0.0 2 719
1110 719 6.27 0 0.0 2 719
1112 719 6.27 0 0.0 2 719
1114 719 6.27 0 0.0 2 719
1116 719 6.27 0 0.0 2 719
1118 719 6.27 0 0.0 2 719
1120 719 6.27 0 0.0 2 719
1122 719 6.27 0 0.0 2 719
1124 719 6.27 0 0.0 2 719
1126 719 6.27 0 0.0 2 719
1128 719 6.27 0 0.0 2 719
1130 719 6.27 0 0.0 2 719
1132 719 6.27 0 0.0 2 719
1134 719 6.27 0 0.0 2 719
1136 719 6.27 0 0.0 2 719
1138 719 6.27 0 0.0 2 719
1140 719 6.27 0 0.0 2 719
1142 719 6.27 0 0.0 2 719
1144 719 6.27 0 0.0 2 719
1146 719 6.27 0 0.0 2 719
1148 719 6.27 0 0.0 2 719
1150 719 6.27 0 0.0 2 719
1152 719 6.27 0 0.0 2 719
1154 719 6.27 0 0.0 2 719
1156 719 6.27 0 0.0 2 719
1158 719 6.27 0 0.0 2 719
1160 719 6.27 0 0.0 2 719
1162 719 6.27 0 0.0 2 719
1164 719 6.27 0 0.0 2 719
1166 719 6.27 0 0.0 2 719
1168 719 6.27 0 0.0 2 719
1170 719 6.27 0 0.0 2 719
1172 719 6.27 0 0.0 2 719
1174 719 6.27 0 0.0 2 719
1176 719 6.27 0 0.0 2 719
1178 719 6.27 0 0.0 2 719
1180 719 6.27 0 0.0 2 719
1182 719 6.27 0 0.0 2 719
1184 719 6.27 0 0.0 2 719
1186 719 6.27 0 0.0 2 719
1188 719 6.27 0 0.0 2 719
1190 719 6.27 0 0.0 2 719
1192 719 6.27 0 0.0 2 719
1194 719 6.27 0 0.0 2 719
1196 719 6.27 0 0.0 2 719
1198 719 6.27 0 0.0 2 719
1200 719 6.27 0 0.0 2 719
1202 719 6.27 0 0.0 2 719
1204 719 6.27 0 0.0 2 719
1206 719 6.27 0 0.0 2 719
1208 719 6.27 0 0.0 2 719
1210 719 6.27 0 0.0 2 719
1212 719 6.27 0 0.0 2 719
1214 719 6.27 0 0.0 2 719
1216 719 6.27 0 0.0 2 719
1218 719 6.27 0 0.0 2 719
1220 719 6.27 0 0.0 2 719
1222 719 6.27 0 0.0 2 719
1224 719 6.27 0 0.0 2 719
1226 719 6.27 0 0.0 2 719
1228 719 6.27 0 0.0 2 719
1230 719 6.27 0 0.0 2 719
1232 719 6.27 0 0.0 2 719
1234 719 6.27 0 0.0 2 719
1236 719 6.27 0 0.0 2 719
1238 719 6.27 0 0.0 2 719
1240 719 6.27 0 0.0 2 719
1242 719 6.27 0 0.0 2 719
1244 719 6.27 0 0.0 2 719
1246 719 6.27 0 0.0 2 719
1248 719 6.27 0 0.0 2 719
1250 719 6.27 0 0.0 2 719
1252 719 6.27 0 0.0 2 719
1254 719 6.27 0 0.0 2 719
1256 719 6.27 0 0.0 2 719
1258 719 6.27 0 0.0 2 719
1260 719 6.27 0 0.0 2 719
1262 719 6.27 0 0.0 2 719
1264 719 6.27 0 0.0 2 719
1266 719 6.27 0 0.0 2 719
1268 719 6.27 0 0.0 2 719
1270 719 6.27 0 0.0 2 719
1272 719 6.27 0 0.0 2 719
1274 719 6.27 0 0.0 2 719
1276 719 6.27 0 0.0 2 719
1278 719 6.27 0 0.0 2 719
1280 719 6.27 0 0.0 2 719
1282 719 6.27 0 0.0 2 719
1284 719 6.27 0 0.0 2 719
1286 719 6.27 0 0.0 2 719
1288 719 6.27 0 0.0 2 719
1290 719 6.27 0 0.0 2 719
1292 719 6.27 0 0.0 2 719
1294 719 6.27 0 0.0 2 719
1296 719 6.27 0 0.0 2 719
1298 719 6.27 0 0.0 2 719
1300 719 6.27 0 0.0 2 719
1302 719 6.27 0 0.0 2 719
1304 719 6.27 0 0.0 2 719
1306 719 6.27 0 0.0 2 719
1308 719 6.27 0 0.0 2 719
1310 719 6.27 0 0.0 2 719
1312 719 6.27 0 0.0 2 719
1314 719 6.27 0 0.0 2 719
1316 719 6.27 0 0.0 2 719
1318 719 6.27 0 0.0 2 719
1320 719 6.27 0 0.0 2 719
1322 719 6.27 0 0.0 2 719
1324 719 6.27 0 0.0 2 719
1326 719 6.27 0 0.0 2 719
1328 719 6.27 0 0.0 2 719
1330 719 6.27 0 0.0 2 719
1332 719 6.27 0 0.0 2 719
1334 719 6.27 0 0.0 2 719
1336 719 6.27 0 0.0 2 719
1338 719 6.27 0 0.0 2 719
1340 719 6.27 0 0.0 2 719
1342 719 6.27 0 0.0 2 719
1344 719 6.27 0 0.0 2 719
1346 719 6.27 0 0.0 2 719
1348 719 6.27 0 0.0 2 719
1350 719 6.27 0 0.0 2 719
1352 719 6.27 0 0.0 2 719
1354 719 6.27 0 0.0 2 719
1356 719 6.27 0 0.0 2 719
1358 719 6.27 0 0.0 2 719
1360 719 6.27 0 0.0 2 719
1362 719 6.27 0 0.0 2 719
1364 719 6.27 0 0.0 2 719
1366 719 6.27 0 0.0 2 719
1368 719 6.27 0 0.0 2 719
1370 719 6.27 0 0.0 2 719
1372 719 6.27 0 0.0 2 719
1374 719 6.27 0 0.0 2 719
1376 719 6.27 0 0.0 2 719
1378 719 6.27 0 0.0 2 719
1380 719 6.27 0 0.0 2 719
1382 719 6.27 0 0.0 2 719
1384 719 6.27 0 0.0 2 719
1386 719 6.27 0 0.0 2 719
1388 719 6.27 0 0.0 2 719
1390 719 6.27 0 0.0 2 719
1392 719 6.27 0 0.0 2 719
1394 719 6.27 0 0.0 2 719
1396 719 6.27 0 0.0 2 719
1398 719 6.27 0 0.0 2 719
1400 719 6.27 0 0.0 2 719
1402 719 6.27 0 0.0 2 719
1404 719 6.27 0 0.0 2 719
1406 719 6.27 0 0.0 2 719
1408 719 6.27 0 0.0 2 719
1410 719 6.27 0 0.0 2 719
1412 719 6.27 0 0.0 2 719
1414 719 6.27 0 0.0 2 719
1416 719 6.27 0 0.0 2 719
1418 719 6.27 0 0.0 2 719
1420 719 6.27 0 0.0 2 719
1422 719 6.27 0 0.0 2 719
1424 719 6.27 0 0.0 2 719
1426 719 6.27 0 0.0 2 719
1428 719 6.27 0 0.0 2 719
1430 719 6.27 0 0.0 2 719
1432 719 6.27 0 0.0 2 719
1434 719 6.27 0 0.0 2 719
1436 719 6.27 0 0.0 2 719
1438 719 6.27 0 0.0 2 719
1440 719 6.27 0 0.0 2 719
