Time PAO1_Count PAO1_Conc Glycerol_Count Glycerol_Conc PAO1_Died bacteria_couldn't_eat
0 43 0.26 57811 2.76 0 0
2 43 0.26 57811 2.76 0 0
4 43 0.27 57771 2.76 0 0
6 43 0.27 57729 2.76 0 0
8 43 0.27 57687 2.75 0 0
10 43 0.28 57642 2.75 0 0
12 43 0.28 57597 2.75 0 0
14 43 0.29 57554 2.75 0 0
16 43 0.29 57511 2.75 0 0
18 43 0.3 57468 2.74 0 0
20 43 0.3 57424 2.74 0 0
22 43 0.3 57381 2.74 0 0
24 43 0.31 57338 2.74 0 0
26 43 0.31 57295 2.74 0 0
28 43 0.32 57253 2.73 0 0
30 43 0.32 57209 2.73 0 0
32 43 0.32 57165 2.73 0 0
34 43 0.33 57122 2.73 0 0
36 43 0.33 57079 2.73 0 0
38 43 0.34 57035 2.72 0 0
40 43 0.34 56992 2.72 0 0
42 43 0.35 56949 2.72 0 0
44 43 0.35 56906 2.72 0 0
46 43 0.35 56862 2.72 0 0
48 43 0.36 56819 2.71 0 0
50 43 0.36 56774 2.71 0 0
52 43 0.37 56730 2.71 0 0
54 43 0.37 56685 2.71 0 0
56 43 0.38 56640 2.71 0 0
58 43 0.38 56595 2.7 0 0
60 43 0.39 56549 2.7 0 0
62 43 0.39 56499 2.7 0 0
64 43 0.4 56452 2.7 0 0
66 43 0.4 56405 2.69 0 0
68 43 0.4 56358 2.69 0 0
70 43 0.41 56310 2.69 0 0
72 43 0.41 56258 2.69 0 0
74 43 0.42 56207 2.68 0 0
76 43 0.42 56146 2.68 0 0
78 43 0.43 56090 2.68 0 0
80 43 0.44 56028 2.68 0 0
82 43 0.44 55963 2.67 0 0
84 43 0.45 55898 2.67 0 0
86 43 0.46 55828 2.67 0 0
88 43 0.46 55758 2.66 0 0
90 43 0.47 55685 2.66 0 0
92 43 0.48 55614 2.66 0 0
94 43 0.48 55541 2.65 0 0
96 44 0.49 55465 2.65 0 0
98 44 0.5 55386 2.65 0 0
100 45 0.51 55308 2.64 0 0
102 51 0.52 55224 2.64 0 0
104 61 0.52 55143 2.63 0 0
106 78 0.53 55061 2.63 0 0
108 83 0.54 54980 2.63 0 0
110 83 0.55 54895 2.62 0 0
112 86 0.56 54810 2.62 0 0
114 86 0.56 54724 2.61 0 0
116 86 0.57 54639 2.61 0 0
118 86 0.58 54554 2.61 0 0
120 86 0.59 54467 2.6 0 0
122 86 0.6 54382 2.6 0 0
124 86 0.61 54294 2.59 0 0
126 86 0.62 54209 2.59 0 0
128 86 0.63 54122 2.58 0 0
130 86 0.63 54036 2.58 0 0
132 86 0.64 53949 2.58 0 0
134 86 0.65 53863 2.57 0 0
136 86 0.66 53777 2.57 0 0
138 86 0.67 53691 2.56 0 0
140 86 0.68 53604 2.56 0 0
142 86 0.69 53518 2.56 0 0
144 86 0.69 53429 2.55 0 0
146 86 0.7 53343 2.55 0 0
148 86 0.71 53257 2.54 0 0
150 86 0.72 53167 2.54 0 0
152 86 0.73 53079 2.54 0 0
154 86 0.74 52992 2.53 0 0
156 86 0.75 52901 2.53 0 0
158 86 0.75 52812 2.52 0 0
160 86 0.76 52720 2.52 0 0
162 86 0.77 52623 2.51 0 0
164 86 0.78 52531 2.51 0 0
166 86 0.79 52437 2.5 0 0
168 86 0.8 52340 2.5 0 0
170 86 0.81 52244 2.49 0 0
172 86 0.82 52144 2.49 0 0
174 86 0.83 52035 2.48 0 0
176 86 0.84 51933 2.48 0 0
178 86 0.85 51819 2.47 0 0
180 86 0.86 51701 2.47 0 0
182 86 0.88 51582 2.46 0 0
184 86 0.89 51466 2.46 0 0
186 86 0.9 51339 2.45 0 0
188 86 0.91 51204 2.45 0 0
190 86 0.93 51066 2.44 0 0
192 88 0.94 50929 2.43 0 0
194 88 0.95 50794 2.43 0 0
196 89 0.97 50639 2.42 0 0
198 89 0.98 50493 2.41 0 0
200 92 1.0 50336 2.4 0 0
202 100 1.01 50180 2.4 0 0
204 116 1.03 50021 2.39 0 0
206 128 1.05 49855 2.38 0 0
208 140 1.06 49692 2.37 0 0
210 153 1.08 49520 2.36 0 0
212 161 1.1 49351 2.36 0 0
214 168 1.11 49186 2.35 0 0
216 171 1.13 49015 2.34 0 0
218 171 1.15 48840 2.33 0 0
220 172 1.17 48667 2.32 0 0
222 172 1.18 48495 2.32 0 0
224 172 1.2 48323 2.31 0 0
226 172 1.22 48150 2.3 0 0
228 172 1.23 47977 2.29 0 0
230 172 1.25 47806 2.28 0 0
232 172 1.27 47633 2.27 0 0
234 172 1.29 47461 2.27 0 0
236 172 1.3 47289 2.26 0 0
238 172 1.32 47117 2.25 0 0
240 172 1.34 46943 2.24 0 0
242 172 1.35 46770 2.23 0 0
244 172 1.37 46595 2.22 0 0
246 172 1.39 46421 2.22 0 0
248 172 1.4 46248 2.21 0 0
250 172 1.42 46073 2.2 0 0
252 172 1.44 45899 2.19 0 0
254 172 1.46 45721 2.18 0 0
256 172 1.47 45536 2.17 0 0
258 172 1.49 45345 2.17 0 0
260 172 1.51 45168 2.16 0 0
262 172 1.53 44985 2.15 0 0
264 172 1.55 44802 2.14 0 0
266 172 1.56 44618 2.13 0 0
268 172 1.58 44423 2.12 0 0
270 172 1.6 44232 2.11 0 0
272 172 1.62 44032 2.1 0 0
274 172 1.64 43822 2.09 0 0
276 172 1.66 43621 2.08 0 0
278 172 1.68 43413 2.07 0 0
280 172 1.7 43184 2.06 0 0
282 172 1.73 42955 2.05 0 0
284 172 1.75 42716 2.04 0 0
286 172 1.77 42478 2.03 0 0
288 172 1.8 42226 2.02 0 0
290 173 1.82 41967 2.0 0 0
292 174 1.85 41690 1.99 0 0
294 175 1.88 41420 1.98 0 0
296 176 1.91 41128 1.96 0 0
298 178 1.94 40843 1.95 0 0
300 180 1.97 40538 1.94 0 0
302 190 2.0 40221 1.92 0 0
304 207 2.03 39900 1.91 0 0
306 231 2.06 39576 1.89 0 0
308 259 2.09 39245 1.87 0 0
310 276 2.13 38912 1.86 0 0
312 299 2.16 38572 1.84 0 0
314 315 2.19 38235 1.83 0 0
316 332 2.23 37891 1.81 0 0
318 337 2.26 37549 1.79 0 0
320 342 2.3 37207 1.78 0 0
322 343 2.33 36860 1.76 0 0
324 344 2.36 36515 1.74 0 0
326 344 2.4 36171 1.73 0 0
328 344 2.43 35825 1.71 0 0
330 344 2.47 35482 1.69 0 0
332 344 2.5 35137 1.68 0 0
334 344 2.53 34793 1.66 0 0
336 344 2.57 34448 1.65 0 0
338 344 2.6 34104 1.63 0 0
340 344 2.64 33757 1.61 0 0
342 344 2.67 33411 1.6 0 0
344 344 2.7 33063 1.58 0 0
346 344 2.74 32718 1.56 0 0
348 344 2.77 32368 1.55 0 0
350 344 2.81 32021 1.53 0 0
352 344 2.84 31670 1.51 0 0
354 344 2.88 31319 1.5 0 0
356 344 2.91 30963 1.48 0 0
358 344 2.95 30604 1.46 0 0
360 344 2.98 30245 1.44 0 0
362 344 3.02 29887 1.43 0 0
364 344 3.05 29521 1.41 0 0
366 344 3.09 29147 1.39 0 0
368 344 3.13 28779 1.37 0 0
370 344 3.17 28395 1.36 0 0
372 344 3.2 28004 1.34 0 0
374 344 3.24 27607 1.32 0 0
376 344 3.28 27191 1.3 0 0
378 344 3.32 26772 1.28 0 0
380 344 3.37 26337 1.26 0 0
382 344 3.41 25903 1.24 0 0
384 344 3.45 25449 1.22 0 0
386 344 3.5 25006 1.19 0 0
388 344 3.54 24535 1.17 0 0
390 344 3.59 24039 1.15 0 0
392 347 3.64 23520 1.12 0 0
394 348 3.7 23001 1.1 0 0
396 349 3.75 22439 1.07 0 0
398 351 3.81 21858 1.04 0 0
400 354 3.87 21271 1.02 0 0
402 365 3.93 20666 0.99 0 0
404 387 3.99 20051 0.96 0 0
406 422 4.05 19421 0.93 0 0
408 458 4.11 18777 0.9 0 0
410 505 4.18 18121 0.87 0 0
412 547 4.25 17454 0.83 0 0
414 596 4.31 16787 0.8 0 0
416 631 4.38 16111 0.77 0 0
418 651 4.45 15426 0.74 0 0
420 669 4.51 14741 0.7 0 0
422 681 4.58 14054 0.67 0 0
424 682 4.65 13361 0.64 0 0
426 684 4.72 12677 0.61 0 0
428 686 4.79 11988 0.57 0 0
430 688 4.85 11300 0.54 0 0
432 688 4.92 10612 0.51 0 0
434 688 4.99 9924 0.47 0 0
436 688 5.06 9233 0.44 0 0
438 688 5.13 8545 0.41 0 0
440 688 5.19 7851 0.37 0 0
442 688 5.26 7154 0.34 0 0
444 688 5.33 6460 0.31 0 0
446 688 5.4 5766 0.28 0 0
448 688 5.47 5069 0.24 0 0
450 688 5.54 4364 0.21 0 0
452 688 5.61 3668 0.18 0 1
454 688 5.68 2969 0.14 0 4
456 688 5.74 2283 0.11 0 21
458 688 5.81 1592 0.08 0 26
460 688 5.87 981 0.05 0 96
462 688 5.92 511 0.02 0 231
464 688 5.95 217 0.01 0 403
466 688 5.96 61 0.0 0 535
468 688 5.97 12 0.0 0 639
470 688 5.97 0 0.0 0 676
472 688 5.97 0 0.0 0 688
474 688 5.97 0 0.0 0 688
476 688 5.97 0 0.0 0 688
478 688 5.97 0 0.0 0 688
480 688 5.97 0 0.0 0 688
482 688 5.97 0 0.0 0 688
484 688 5.97 0 0.0 0 688
486 688 5.97 0 0.0 0 688
488 688 5.97 0 0.0 0 688
490 688 5.97 0 0.0 0 688
492 688 5.97 0 0.0 0 688
494 688 5.97 0 0.0 0 688
496 688 5.97 0 0.0 0 688
498 688 5.97 0 0.0 0 688
500 688 5.97 0 0.0 0 688
502 688 5.97 0 0.0 0 688
504 688 5.97 0 0.0 0 688
506 688 5.97 0 0.0 0 688
508 688 5.97 0 0.0 0 688
510 688 5.97 0 0.0 0 688
512 688 5.97 0 0.0 0 688
514 688 5.97 0 0.0 0 688
516 688 5.97 0 0.0 0 688
518 688 5.97 0 0.0 0 688
520 688 5.97 0 0.0 0 688
522 688 5.97 0 0.0 0 688
524 688 5.97 0 0.0 0 688
526 688 5.97 0 0.0 0 688
528 688 5.97 0 0.0 0 688
530 688 5.97 0 0.0 0 688
532 688 5.97 0 0.0 0 688
534 688 5.97 0 0.0 0 688
536 688 5.97 0 0.0 0 688
538 688 5.97 0 0.0 0 688
540 688 5.97 0 0.0 0 688
542 688 5.97 0 0.0 0 688
544 688 5.97 0 0.0 0 688
546 688 5.97 0 0.0 0 688
548 688 5.97 0 0.0 0 688
550 688 5.97 0 0.0 0 688
552 688 5.97 0 0.0 0 688
554 688 5.97 0 0.0 0 688
556 688 5.97 0 0.0 0 688
558 688 5.97 0 0.0 0 688
560 688 5.97 0 0.0 0 688
562 688 5.97 0 0.0 0 688
564 688 5.97 0 0.0 0 688
566 688 5.97 0 0.0 0 688
568 688 5.97 0 0.0 0 688
570 688 5.97 0 0.0 0 688
572 688 5.97 0 0.0 0 688
574 688 5.97 0 0.0 0 688
576 688 5.97 0 0.0 0 688
578 688 5.97 0 0.0 0 688
580 688 5.97 0 0.0 0 688
582 688 5.97 0 0.0 0 688
584 688 5.97 0 0.0 0 688
586 688 5.97 0 0.0 0 688
588 688 5.97 0 0.0 0 688
590 688 5.97 0 0.0 0 688
592 688 5.97 0 0.0 0 688
594 688 5.97 0 0.0 0 688
596 688 5.97 0 0.0 0 688
598 688 5.97 0 0.0 0 688
600 688 5.97 0 0.0 0 688
602 688 5.97 0 0.0 0 688
604 688 5.97 0 0.0 0 688
606 688 5.97 0 0.0 0 688
608 688 5.97 0 0.0 0 688
610 688 5.97 0 0.0 0 688
612 688 5.97 0 0.0 0 688
614 688 5.97 0 0.0 0 688
616 688 5.97 0 0.0 0 688
618 688 5.97 0 0.0 0 688
620 688 5.97 0 0.0 0 688
622 688 5.97 0 0.0 0 688
624 688 5.97 0 0.0 0 688
626 688 5.97 0 0.0 0 688
628 688 5.97 0 0.0 0 688
630 688 5.97 0 0.0 0 688
632 688 5.97 0 0.0 0 688
634 688 5.97 0 0.0 0 688
636 688 5.97 0 0.0 0 688
638 688 5.97 0 0.0 0 688
640 688 5.97 0 0.0 0 688
642 688 5.97 0 0.0 0 688
644 688 5.97 0 0.0 0 688
646 688 5.97 0 0.0 0 688
648 688 5.97 0 0.0 0 688
650 688 5.97 0 0.0 0 688
652 688 5.97 0 0.0 0 688
654 688 5.97 0 0.0 0 688
656 688 5.97 0 0.0 0 688
658 688 5.97 0 0.0 0 688
660 688 5.97 0 0.0 0 688
662 688 5.97 0 0.0 0 688
664 688 5.97 0 0.0 0 688
666 688 5.97 0 0.0 0 688
668 688 5.97 0 0.0 0 688
670 688 5.97 0 0.0 0 688
672 688 5.97 0 0.0 0 688
674 688 5.97 0 0.0 0 688
676 688 5.97 0 0.0 0 688
678 688 5.97 0 0.0 0 688
680 688 5.97 0 0.0 0 688
682 688 5.97 0 0.0 0 688
684 688 5.97 0 0.0 0 688
686 688 5.97 0 0.0 0 688
688 688 5.97 0 0.0 0 688
690 688 5.97 0 0.0 0 688
692 688 5.97 0 0.0 0 688
694 688 5.97 0 0.0 0 688
696 688 5.97 0 0.0 0 688
698 688 5.97 0 0.0 0 688
700 688 5.97 0 0.0 0 688
702 688 5.97 0 0.0 0 688
704 688 5.97 0 0.0 0 688
706 688 5.97 0 0.0 0 688
708 688 5.97 0 0.0 0 688
710 688 5.97 0 0.0 0 688
712 688 5.97 0 0.0 0 688
714 688 5.97 0 0.0 0 688
716 688 5.97 0 0.0 0 688
718 688 5.97 0 0.0 0 688
720 688 5.97 0 0.0 0 688
722 688 5.97 0 0.0 0 688
724 688 5.97 0 0.0 0 688
726 688 5.97 0 0.0 0 688
728 688 5.97 0 0.0 0 688
730 688 5.97 0 0.0 0 688
732 688 5.97 0 0.0 0 688
734 688 5.97 0 0.0 0 688
736 688 5.97 0 0.0 0 688
738 688 5.97 0 0.0 0 688
740 688 5.97 0 0.0 0 688
742 688 5.97 0 0.0 0 688
744 688 5.97 0 0.0 0 688
746 688 5.97 0 0.0 0 688
748 688 5.97 0 0.0 0 688
750 688 5.97 0 0.0 0 688
752 688 5.97 0 0.0 0 688
754 688 5.97 0 0.0 0 688
756 688 5.97 0 0.0 0 688
758 688 5.97 0 0.0 0 688
760 688 5.97 0 0.0 0 688
762 688 5.97 0 0.0 0 688
764 688 5.97 0 0.0 0 688
766 688 5.97 0 0.0 0 688
768 688 5.97 0 0.0 0 688
770 688 5.97 0 0.0 0 688
772 688 5.97 0 0.0 0 688
774 688 5.97 0 0.0 0 688
776 688 5.97 0 0.0 0 688
778 688 5.97 0 0.0 0 688
780 688 5.97 0 0.0 0 688
782 688 5.97 0 0.0 0 688
784 688 5.97 0 0.0 0 688
786 688 5.97 0 0.0 0 688
788 688 5.97 0 0.0 0 688
790 688 5.97 0 0.0 0 688
792 688 5.97 0 0.0 0 688
794 688 5.97 0 0.0 0 688
796 688 5.97 0 0.0 0 688
798 688 5.97 0 0.0 0 688
800 688 5.97 0 0.0 0 688
802 688 5.97 0 0.0 0 688
804 688 5.97 0 0.0 0 688
806 688 5.97 0 0.0 0 688
808 688 5.97 0 0.0 0 688
810 688 5.97 0 0.0 0 688
812 688 5.97 0 0.0 0 688
814 688 5.97 0 0.0 0 688
816 688 5.97 0 0.0 0 688
818 688 5.97 0 0.0 0 688
820 688 5.97 0 0.0 0 688
822 688 5.97 0 0.0 0 688
824 688 5.97 0 0.0 0 688
826 688 5.97 0 0.0 0 688
828 688 5.97 0 0.0 0 688
830 688 5.97 0 0.0 0 688
832 688 5.97 0 0.0 0 688
834 688 5.97 0 0.0 0 688
836 688 5.97 0 0.0 0 688
838 688 5.97 0 0.0 0 688
840 688 5.97 0 0.0 0 688
842 688 5.97 0 0.0 0 688
844 688 5.97 0 0.0 0 688
846 688 5.97 0 0.0 0 688
848 688 5.97 0 0.0 0 688
850 688 5.97 0 0.0 0 688
852 688 5.97 0 0.0 0 688
854 688 5.97 0 0.0 0 688
856 688 5.97 0 0.0 0 688
858 688 5.97 0 0.0 0 688
860 688 5.97 0 0.0 0 688
862 688 5.97 0 0.0 0 688
864 688 5.97 0 0.0 0 688
866 688 5.97 0 0.0 0 688
868 688 5.97 0 0.0 0 688
870 688 5.97 0 0.0 0 688
872 688 5.97 0 0.0 0 688
874 688 5.97 0 0.0 0 688
876 688 5.97 0 0.0 0 688
878 688 5.97 0 0.0 0 688
880 688 5.97 0 0.0 0 688
882 688 5.97 0 0.0 0 688
884 688 5.97 0 0.0 0 688
886 688 5.97 0 0.0 0 688
888 688 5.97 0 0.0 0 688
890 688 5.97 0 0.0 0 688
892 688 5.97 0 0.0 0 688
894 688 5.97 0 0.0 0 688
896 688 5.97 0 0.0 0 688
898 688 5.97 0 0.0 0 688
900 688 5.97 0 0.0 0 688
902 688 5.97 0 0.0 0 688
904 688 5.97 0 0.0 0 688
906 688 5.97 0 0.0 0 688
908 688 5.97 0 0.0 0 688
910 688 5.97 0 0.0 0 688
912 688 5.97 0 0.0 0 688
914 688 5.97 0 0.0 0 688
916 688 5.97 0 0.0 0 688
918 688 5.97 0 0.0 0 688
920 688 5.97 0 0.0 0 688
922 688 5.97 0 0.0 0 688
924 688 5.97 0 0.0 0 688
926 688 5.97 0 0.0 0 688
928 688 5.97 0 0.0 0 688
930 688 5.97 0 0.0 0 688
932 688 5.97 0 0.0 0 688
934 688 5.97 0 0.0 0 688
936 688 5.97 0 0.0 0 688
938 688 5.97 0 0.0 0 688
940 688 5.97 0 0.0 0 688
942 688 5.97 0 0.0 0 688
944 688 5.97 0 0.0 0 688
946 688 5.97 0 0.0 0 688
948 688 5.97 0 0.0 0 688
950 688 5.97 0 0.0 0 688
952 688 5.97 0 0.0 0 688
954 688 5.97 0 0.0 0 688
956 688 5.97 0 0.0 0 688
958 688 5.97 0 0.0 0 688
960 688 5.97 0 0.0 0 688
962 688 5.97 0 0.0 0 688
964 688 5.97 0 0.0 0 688
966 688 5.97 0 0.0 0 688
968 688 5.97 0 0.0 0 688
970 688 5.97 0 0.0 0 688
972 688 5.97 0 0.0 0 688
974 688 5.97 0 0.0 0 688
976 688 5.97 0 0.0 0 688
978 688 5.97 0 0.0 0 688
980 688 5.97 0 0.0 0 688
982 688 5.97 0 0.0 0 688
984 688 5.97 0 0.0 0 688
986 688 5.97 0 0.0 0 688
988 688 5.97 0 0.0 0 688
990 688 5.97 0 0.0 0 688
992 688 5.97 0 0.0 0 688
994 688 5.97 0 0.0 0 688
996 688 5.97 0 0.0 0 688
998 688 5.97 0 0.0 0 688
1000 688 5.97 0 0.0 0 688
1002 688 5.97 0 0.0 0 688
1004 688 5.97 0 0.0 0 688
1006 688 5.97 0 0.0 0 688
1008 688 5.97 0 0.0 0 688
1010 688 5.97 0 0.0 0 688
1012 688 5.97 0 0.0 0 688
1014 688 5.97 0 0.0 0 688
1016 688 5.97 0 0.0 0 688
1018 688 5.97 0 0.0 0 688
1020 688 5.97 0 0.0 0 688
1022 688 5.97 0 0.0 0 688
1024 688 5.97 0 0.0 0 688
1026 688 5.97 0 0.0 0 688
1028 688 5.97 0 0.0 0 688
1030 688 5.97 0 0.0 0 688
1032 688 5.97 0 0.0 0 688
1034 688 5.97 0 0.0 0 688
1036 688 5.97 0 0.0 0 688
1038 688 5.97 0 0.0 0 688
1040 688 5.97 0 0.0 0 688
1042 688 5.97 0 0.0 0 688
1044 688 5.97 0 0.0 0 688
1046 688 5.97 0 0.0 0 688
1048 688 5.97 0 0.0 0 688
1050 688 5.97 0 0.0 0 688
1052 688 5.97 0 0.0 0 688
1054 688 5.97 0 0.0 0 688
1056 688 5.97 0 0.0 0 688
1058 688 5.97 0 0.0 0 688
1060 688 5.97 0 0.0 0 688
1062 688 5.97 0 0.0 0 688
1064 688 5.97 0 0.0 0 688
1066 688 5.97 0 0.0 0 688
1068 688 5.97 0 0.0 0 688
1070 688 5.97 0 0.0 0 688
1072 688 5.97 0 0.0 0 688
1074 688 5.97 0 0.0 0 688
1076 688 5.97 0 0.0 0 688
1078 688 5.97 0 0.0 0 688
1080 688 5.97 0 0.0 0 688
1082 688 5.97 0 0.0 0 688
1084 688 5.97 0 0.0 0 688
1086 688 5.97 0 0.0 0 688
1088 688 5.97 0 0.0 0 688
1090 688 5.97 0 0.0 0 688
1092 688 5.97 0 0.0 0 688
1094 688 5.97 0 0.0 0 688
1096 688 5.97 0 0.0 0 688
1098 688 5.97 0 0.0 0 688
1100 688 5.97 0 0.0 0 688
1102 688 5.97 0 0.0 0 688
1104 688 5.97 0 0.0 0 688
1106 688 5.97 0 0.0 0 688
1108 688 5.97 0 0.0 0 688
1110 688 5.97 0 0.0 0 688
1112 688 5.97 0 0.0 0 688
1114 688 5.97 0 0.0 0 688
1116 688 5.97 0 0.0 0 688
1118 688 5.97 0 0.0 0 688
1120 688 5.97 0 0.0 0 688
1122 688 5.97 0 0.0 0 688
1124 688 5.97 0 0.0 0 688
1126 688 5.97 0 0.0 0 688
1128 688 5.97 0 0.0 0 688
1130 688 5.97 0 0.0 0 688
1132 688 5.97 0 0.0 0 688
1134 688 5.97 0 0.0 0 688
1136 688 5.97 0 0.0 0 688
1138 688 5.97 0 0.0 0 688
1140 688 5.97 0 0.0 0 688
1142 688 5.97 0 0.0 0 688
1144 688 5.97 0 0.0 0 688
1146 688 5.97 0 0.0 0 688
1148 688 5.97 0 0.0 0 688
1150 688 5.97 0 0.0 0 688
1152 688 5.97 0 0.0 0 688
1154 688 5.97 0 0.0 0 688
1156 688 5.97 0 0.0 0 688
1158 688 5.97 0 0.0 0 688
1160 688 5.97 0 0.0 0 688
1162 688 5.97 0 0.0 0 688
1164 688 5.97 0 0.0 0 688
1166 688 5.97 0 0.0 0 688
1168 688 5.97 0 0.0 0 688
1170 688 5.97 0 0.0 0 688
1172 688 5.97 0 0.0 0 688
1174 688 5.97 0 0.0 0 688
1176 688 5.97 0 0.0 0 688
1178 688 5.97 0 0.0 0 688
1180 688 5.97 0 0.0 0 688
1182 688 5.97 0 0.0 0 688
1184 688 5.97 0 0.0 0 688
1186 688 5.97 0 0.0 0 688
1188 688 5.97 0 0.0 0 688
1190 688 5.97 0 0.0 0 688
1192 688 5.97 0 0.0 0 688
1194 688 5.97 0 0.0 0 688
1196 688 5.97 0 0.0 0 688
1198 688 5.97 0 0.0 0 688
1200 688 5.97 0 0.0 0 688
1202 688 5.97 0 0.0 0 688
1204 688 5.97 0 0.0 0 688
1206 688 5.97 0 0.0 0 688
1208 688 5.97 0 0.0 0 688
1210 688 5.97 0 0.0 0 688
1212 688 5.97 0 0.0 0 688
1214 688 5.97 0 0.0 0 688
1216 688 5.97 0 0.0 0 688
1218 688 5.97 0 0.0 0 688
1220 688 5.97 0 0.0 0 688
1222 688 5.97 0 0.0 0 688
1224 688 5.97 0 0.0 0 688
1226 688 5.97 0 0.0 0 688
1228 688 5.97 0 0.0 0 688
1230 688 5.97 0 0.0 0 688
1232 688 5.97 0 0.0 0 688
1234 688 5.97 0 0.0 0 688
1236 688 5.97 0 0.0 0 688
1238 688 5.97 0 0.0 0 688
1240 688 5.97 0 0.0 0 688
1242 688 5.97 0 0.0 0 688
1244 688 5.97 0 0.0 0 688
1246 688 5.97 0 0.0 0 688
1248 688 5.97 0 0.0 0 688
1250 688 5.97 0 0.0 0 688
1252 688 5.97 0 0.0 0 688
1254 688 5.97 0 0.0 0 688
1256 688 5.97 0 0.0 0 688
1258 688 5.97 0 0.0 0 688
1260 688 5.97 0 0.0 0 688
1262 688 5.97 0 0.0 0 688
1264 688 5.97 0 0.0 0 688
1266 688 5.97 0 0.0 0 688
1268 688 5.97 0 0.0 0 688
1270 688 5.97 0 0.0 0 688
1272 688 5.97 0 0.0 0 688
1274 688 5.97 0 0.0 0 688
1276 688 5.97 0 0.0 0 688
1278 688 5.97 0 0.0 0 688
1280 688 5.97 0 0.0 0 688
1282 688 5.97 0 0.0 0 688
1284 688 5.97 0 0.0 0 688
1286 688 5.97 0 0.0 0 688
1288 688 5.97 0 0.0 0 688
1290 688 5.97 0 0.0 0 688
1292 688 5.97 0 0.0 0 688
1294 688 5.97 0 0.0 0 688
1296 688 5.97 0 0.0 0 688
1298 688 5.97 0 0.0 0 688
1300 688 5.97 0 0.0 0 688
1302 688 5.97 0 0.0 0 688
1304 688 5.97 0 0.0 0 688
1306 688 5.97 0 0.0 0 688
1308 688 5.97 0 0.0 0 688
1310 688 5.97 0 0.0 0 688
1312 688 5.97 0 0.0 0 688
1314 688 5.97 0 0.0 0 688
1316 688 5.97 0 0.0 0 688
1318 688 5.97 0 0.0 0 688
1320 688 5.97 0 0.0 0 688
1322 688 5.97 0 0.0 0 688
1324 688 5.97 0 0.0 0 688
1326 688 5.97 0 0.0 0 688
1328 688 5.97 0 0.0 0 688
1330 688 5.97 0 0.0 0 688
1332 688 5.97 0 0.0 0 688
1334 688 5.97 0 0.0 0 688
1336 688 5.97 0 0.0 0 688
1338 688 5.97 0 0.0 0 688
1340 688 5.97 0 0.0 0 688
1342 688 5.97 0 0.0 0 688
1344 688 5.97 0 0.0 0 688
1346 688 5.97 0 0.0 0 688
1348 688 5.97 0 0.0 0 688
1350 688 5.97 0 0.0 0 688
1352 688 5.97 0 0.0 0 688
1354 688 5.97 0 0.0 0 688
1356 688 5.97 0 0.0 0 688
1358 688 5.97 0 0.0 0 688
1360 688 5.97 0 0.0 0 688
1362 688 5.97 0 0.0 0 688
1364 688 5.97 0 0.0 0 688
1366 688 5.97 0 0.0 0 688
1368 688 5.97 0 0.0 0 688
1370 688 5.97 0 0.0 0 688
1372 688 5.97 0 0.0 0 688
1374 688 5.97 0 0.0 0 688
1376 688 5.97 0 0.0 0 688
1378 688 5.97 0 0.0 0 688
1380 688 5.97 0 0.0 0 688
1382 688 5.97 0 0.0 0 688
1384 688 5.97 0 0.0 0 688
1386 688 5.97 0 0.0 0 688
1388 688 5.97 0 0.0 0 688
1390 688 5.97 0 0.0 0 688
1392 688 5.97 0 0.0 0 688
1394 688 5.97 0 0.0 0 688
1396 688 5.97 0 0.0 0 688
1398 688 5.97 0 0.0 0 688
1400 688 5.97 0 0.0 0 688
1402 688 5.97 0 0.0 0 688
1404 688 5.97 0 0.0 0 688
1406 688 5.97 0 0.0 0 688
1408 688 5.97 0 0.0 0 688
1410 688 5.97 0 0.0 0 688
1412 688 5.97 0 0.0 0 688
1414 688 5.97 0 0.0 0 688
1416 688 5.97 0 0.0 0 688
1418 688 5.97 0 0.0 0 688
1420 688 5.97 0 0.0 0 688
1422 688 5.97 0 0.0 0 688
1424 688 5.97 0 0.0 0 688
1426 688 5.97 0 0.0 0 688
1428 688 5.97 0 0.0 0 688
1430 688 5.97 0 0.0 0 688
1432 688 5.97 0 0.0 0 688
1434 688 5.97 0 0.0 0 688
1436 688 5.97 0 0.0 0 688
1438 688 5.97 0 0.0 0 688
1440 688 5.97 0 0.0 0 688
