Time Custom..._Count Custom..._Conc Acetate_Count Acetate_Conc Custom..._Died bacteria_couldn't_eat
0 4 0.02 77081 2.4 0 0
2 4 0.02 77081 2.4 0 0
4 4 0.03 76838 2.39 0 0
6 4 0.04 76545 2.38 0 0
8 8 0.06 76174 2.37 0 0
10 8 0.08 75665 2.36 0 0
12 16 0.1 74911 2.33 0 0
14 16 0.14 73901 2.3 0 0
16 16 0.18 72670 2.26 0 0
18 31 0.24 71133 2.21 0 0
20 32 0.32 69082 2.15 0 0
22 61 0.42 66472 2.07 0 0
24 62 0.56 62875 1.96 0 0
26 92 0.72 58510 1.82 0 0
28 117 0.93 53251 1.66 0 0
30 123 1.17 46879 1.46 0 5
32 185 1.47 39750 1.24 0 2
34 205 1.77 31925 0.99 0 6
36 235 2.09 24113 0.75 0 8
38 276 2.36 17264 0.54 0 13
40 297 2.59 11563 0.36 0 18
42 312 2.76 7353 0.23 0 21
44 325 2.86 4574 0.14 0 30
46 333 2.94 2651 0.08 0 44
48 342 2.98 1464 0.05 0 92
50 347 3.01 690 0.02 0 121
52 348 3.03 317 0.01 0 181
54 350 3.03 128 0.0 0 239
56 350 3.04 52 0.0 0 291
58 350 3.04 16 0.0 0 317
60 350 3.04 3 0.0 0 339
62 350 3.04 1 0.0 0 348
64 350 3.04 0 0.0 0 349
66 350 3.04 0 0.0 0 350
68 350 3.04 0 0.0 0 350
70 350 3.04 0 0.0 0 350
72 350 3.04 0 0.0 0 350
74 350 3.04 0 0.0 0 350
76 350 3.04 0 0.0 0 350
78 350 3.04 0 0.0 0 350
80 350 3.04 0 0.0 0 350
82 350 3.04 0 0.0 0 350
84 350 3.04 0 0.0 0 350
86 350 3.04 0 0.0 0 350
88 350 3.04 0 0.0 0 350
90 350 3.04 0 0.0 0 350
92 350 3.04 0 0.0 0 350
94 350 3.04 0 0.0 0 350
96 350 3.04 0 0.0 0 350
98 350 3.04 0 0.0 0 350
100 350 3.04 0 0.0 0 350
102 350 3.04 0 0.0 0 350
104 350 3.04 0 0.0 0 350
106 350 3.04 0 0.0 0 350
108 350 3.04 0 0.0 0 350
110 350 3.04 0 0.0 0 350
112 350 3.04 0 0.0 0 350
114 350 3.04 0 0.0 0 350
116 350 3.04 0 0.0 0 350
118 350 3.04 0 0.0 0 350
120 350 3.04 0 0.0 0 350
122 350 3.04 0 0.0 0 350
124 350 3.04 0 0.0 0 350
126 350 3.04 0 0.0 0 350
128 350 3.04 0 0.0 0 350
130 350 3.04 0 0.0 0 350
132 350 3.04 0 0.0 0 350
134 350 3.04 0 0.0 0 350
136 350 3.04 0 0.0 0 350
138 350 3.04 0 0.0 0 350
140 350 3.04 0 0.0 0 350
142 350 3.04 0 0.0 0 350
144 350 3.04 0 0.0 0 350
146 350 3.04 0 0.0 0 350
148 350 3.04 0 0.0 0 350
150 350 3.04 0 0.0 0 350
152 350 3.04 0 0.0 0 350
154 350 3.04 0 0.0 0 350
156 350 3.04 0 0.0 0 350
158 350 3.04 0 0.0 0 350
160 350 3.04 0 0.0 0 350
162 350 3.04 0 0.0 0 350
164 350 3.04 0 0.0 0 350
166 350 3.04 0 0.0 0 350
168 350 3.04 0 0.0 0 350
170 350 3.04 0 0.0 0 350
172 350 3.04 0 0.0 0 350
174 350 3.04 0 0.0 0 350
176 350 3.04 0 0.0 0 350
178 350 3.04 0 0.0 0 350
180 350 3.04 0 0.0 0 350
182 350 3.04 0 0.0 0 350
184 350 3.04 0 0.0 0 350
186 350 3.04 0 0.0 0 350
188 350 3.04 0 0.0 0 350
190 350 3.04 0 0.0 0 350
192 350 3.04 0 0.0 0 350
194 350 3.04 0 0.0 0 350
196 350 3.04 0 0.0 0 350
198 350 3.04 0 0.0 0 350
200 350 3.04 0 0.0 0 350
202 350 3.04 0 0.0 0 350
204 350 3.04 0 0.0 0 350
206 350 3.04 0 0.0 0 350
208 350 3.04 0 0.0 0 350
210 350 3.04 0 0.0 0 350
212 350 3.04 0 0.0 0 350
214 350 3.04 0 0.0 0 350
216 350 3.04 0 0.0 0 350
218 350 3.04 0 0.0 0 350
220 350 3.04 0 0.0 0 350
222 350 3.04 0 0.0 0 350
224 350 3.04 0 0.0 0 350
226 350 3.04 0 0.0 0 350
228 350 3.04 0 0.0 0 350
230 350 3.04 0 0.0 0 350
232 350 3.04 0 0.0 0 350
234 350 3.04 0 0.0 0 350
236 350 3.04 0 0.0 0 350
238 350 3.04 0 0.0 0 350
240 350 3.04 0 0.0 0 350
242 350 3.04 0 0.0 0 350
244 350 3.04 0 0.0 0 350
246 350 3.04 0 0.0 0 350
248 350 3.04 0 0.0 0 350
250 350 3.04 0 0.0 0 350
252 350 3.04 0 0.0 0 350
254 350 3.04 0 0.0 0 350
256 350 3.04 0 0.0 0 350
258 350 3.04 0 0.0 0 350
260 350 3.04 0 0.0 0 350
262 350 3.04 0 0.0 0 350
264 350 3.04 0 0.0 0 350
266 350 3.04 0 0.0 0 350
268 350 3.04 0 0.0 0 350
270 350 3.04 0 0.0 0 350
272 350 3.04 0 0.0 0 350
274 350 3.04 0 0.0 0 350
276 350 3.04 0 0.0 0 350
278 350 3.04 0 0.0 0 350
280 350 3.04 0 0.0 0 350
282 350 3.04 0 0.0 0 350
284 350 3.04 0 0.0 0 350
286 350 3.04 0 0.0 0 350
288 350 3.04 0 0.0 0 350
290 350 3.04 0 0.0 0 350
292 350 3.04 0 0.0 0 350
294 350 3.04 0 0.0 0 350
296 350 3.04 0 0.0 0 350
298 350 3.04 0 0.0 0 350
300 350 3.04 0 0.0 0 350
302 350 3.04 0 0.0 0 350
304 350 3.04 0 0.0 0 350
306 350 3.04 0 0.0 0 350
308 350 3.04 0 0.0 0 350
310 350 3.04 0 0.0 0 350
312 350 3.04 0 0.0 0 350
314 350 3.04 0 0.0 0 350
316 350 3.04 0 0.0 0 350
318 350 3.04 0 0.0 0 350
320 350 3.04 0 0.0 0 350
322 350 3.04 0 0.0 0 350
324 350 3.04 0 0.0 0 350
326 350 3.04 0 0.0 0 350
328 350 3.04 0 0.0 0 350
330 350 3.04 0 0.0 0 350
332 350 3.04 0 0.0 0 350
334 350 3.04 0 0.0 0 350
336 350 3.04 0 0.0 0 350
338 350 3.04 0 0.0 0 350
340 350 3.04 0 0.0 0 350
342 350 3.04 0 0.0 0 350
344 350 3.04 0 0.0 0 350
346 350 3.04 0 0.0 0 350
348 350 3.04 0 0.0 0 350
350 350 3.04 0 0.0 0 350
352 350 3.04 0 0.0 0 350
354 350 3.04 0 0.0 0 350
356 350 3.04 0 0.0 0 350
358 350 3.04 0 0.0 0 350
360 350 3.04 0 0.0 0 350
362 350 3.04 0 0.0 0 350
364 350 3.04 0 0.0 0 350
366 350 3.04 0 0.0 0 350
368 350 3.04 0 0.0 0 350
370 350 3.04 0 0.0 0 350
372 350 3.04 0 0.0 0 350
374 350 3.04 0 0.0 0 350
376 350 3.04 0 0.0 0 350
378 350 3.04 0 0.0 0 350
380 350 3.04 0 0.0 0 350
382 350 3.04 0 0.0 0 350
384 350 3.04 0 0.0 0 350
386 350 3.04 0 0.0 0 350
388 350 3.04 0 0.0 0 350
390 350 3.04 0 0.0 0 350
392 350 3.04 0 0.0 0 350
394 350 3.04 0 0.0 0 350
396 350 3.04 0 0.0 0 350
398 350 3.04 0 0.0 0 350
400 350 3.04 0 0.0 0 350
402 350 3.04 0 0.0 0 350
404 350 3.04 0 0.0 0 350
406 350 3.04 0 0.0 0 350
408 350 3.04 0 0.0 0 350
410 350 3.04 0 0.0 0 350
412 350 3.04 0 0.0 0 350
414 350 3.04 0 0.0 0 350
416 350 3.04 0 0.0 0 350
418 350 3.04 0 0.0 0 350
420 350 3.04 0 0.0 0 350
422 350 3.04 0 0.0 0 350
424 350 3.04 0 0.0 0 350
426 350 3.04 0 0.0 0 350
428 350 3.04 0 0.0 0 350
430 350 3.04 0 0.0 0 350
432 350 3.04 0 0.0 0 350
434 350 3.04 0 0.0 0 350
436 350 3.04 0 0.0 0 350
438 350 3.04 0 0.0 0 350
440 350 3.04 0 0.0 0 350
442 350 3.04 0 0.0 0 350
444 350 3.04 0 0.0 0 350
446 350 3.04 0 0.0 0 350
448 350 3.04 0 0.0 0 350
450 350 3.04 0 0.0 0 350
452 350 3.04 0 0.0 0 350
454 350 3.04 0 0.0 0 350
456 350 3.04 0 0.0 0 350
458 350 3.04 0 0.0 0 350
460 350 3.04 0 0.0 0 350
462 350 3.04 0 0.0 0 350
464 350 3.04 0 0.0 0 350
466 350 3.04 0 0.0 0 350
468 350 3.04 0 0.0 0 350
470 350 3.04 0 0.0 0 350
472 350 3.04 0 0.0 0 350
474 350 3.04 0 0.0 0 350
476 350 3.04 0 0.0 0 350
478 350 3.04 0 0.0 0 350
480 350 3.04 0 0.0 0 350
482 350 3.04 0 0.0 0 350
484 350 3.04 0 0.0 0 350
486 350 3.04 0 0.0 0 350
488 350 3.04 0 0.0 0 350
490 350 3.04 0 0.0 0 350
492 350 3.04 0 0.0 0 350
494 350 3.04 0 0.0 0 350
496 350 3.04 0 0.0 0 350
498 350 3.04 0 0.0 0 350
500 350 3.04 0 0.0 0 350
502 350 3.04 0 0.0 0 350
504 350 3.04 0 0.0 0 350
506 350 3.04 0 0.0 0 350
508 350 3.04 0 0.0 0 350
510 350 3.04 0 0.0 0 350
512 350 3.04 0 0.0 0 350
514 350 3.04 0 0.0 0 350
516 350 3.04 0 0.0 0 350
518 350 3.04 0 0.0 0 350
520 350 3.04 0 0.0 0 350
522 350 3.04 0 0.0 0 350
524 350 3.04 0 0.0 0 350
526 350 3.04 0 0.0 0 350
528 350 3.04 0 0.0 0 350
530 350 3.04 0 0.0 0 350
532 350 3.04 0 0.0 0 350
534 350 3.04 0 0.0 0 350
536 350 3.04 0 0.0 0 350
538 350 3.04 0 0.0 0 350
540 350 3.04 0 0.0 0 350
542 350 3.04 0 0.0 0 350
544 350 3.04 0 0.0 0 350
546 350 3.04 0 0.0 0 350
548 350 3.04 0 0.0 0 350
550 350 3.04 0 0.0 0 350
552 350 3.04 0 0.0 0 350
554 350 3.04 0 0.0 0 350
556 350 3.04 0 0.0 0 350
558 350 3.04 0 0.0 0 350
560 350 3.04 0 0.0 0 350
562 350 3.04 0 0.0 0 350
564 350 3.04 0 0.0 0 350
566 350 3.04 0 0.0 0 350
568 350 3.04 0 0.0 0 350
570 350 3.04 0 0.0 0 350
572 350 3.04 0 0.0 0 350
574 350 3.04 0 0.0 0 350
576 350 3.04 0 0.0 0 350
578 350 3.04 0 0.0 0 350
580 350 3.04 0 0.0 0 350
582 350 3.04 0 0.0 0 350
584 350 3.04 0 0.0 0 350
586 350 3.04 0 0.0 0 350
588 350 3.04 0 0.0 0 350
590 350 3.04 0 0.0 0 350
592 350 3.04 0 0.0 0 350
594 350 3.04 0 0.0 0 350
596 350 3.04 0 0.0 0 350
598 350 3.04 0 0.0 0 350
600 350 3.04 0 0.0 0 350
602 350 3.04 0 0.0 0 350
604 350 3.04 0 0.0 0 350
606 350 3.04 0 0.0 0 350
608 350 3.04 0 0.0 0 350
610 350 3.04 0 0.0 0 350
612 350 3.04 0 0.0 0 350
614 350 3.04 0 0.0 0 350
616 350 3.04 0 0.0 0 350
618 350 3.04 0 0.0 0 350
620 350 3.04 0 0.0 0 350
622 350 3.04 0 0.0 0 350
624 350 3.04 0 0.0 0 350
626 350 3.04 0 0.0 0 350
628 350 3.04 0 0.0 0 350
630 350 3.04 0 0.0 0 350
632 350 3.04 0 0.0 0 350
634 350 3.04 0 0.0 0 350
636 350 3.04 0 0.0 0 350
638 350 3.04 0 0.0 0 350
640 350 3.04 0 0.0 0 350
642 350 3.04 0 0.0 0 350
644 350 3.04 0 0.0 0 350
646 350 3.04 0 0.0 0 350
648 350 3.04 0 0.0 0 350
650 350 3.04 0 0.0 0 350
652 350 3.04 0 0.0 0 350
654 350 3.04 0 0.0 0 350
656 350 3.04 0 0.0 0 350
658 350 3.04 0 0.0 0 350
660 350 3.04 0 0.0 0 350
662 350 3.04 0 0.0 0 350
664 350 3.04 0 0.0 0 350
666 350 3.04 0 0.0 0 350
668 350 3.04 0 0.0 0 350
670 350 3.04 0 0.0 0 350
672 350 3.04 0 0.0 0 350
674 350 3.04 0 0.0 0 350
676 350 3.04 0 0.0 0 350
678 350 3.04 0 0.0 0 350
680 350 3.04 0 0.0 0 350
682 350 3.04 0 0.0 0 350
684 350 3.04 0 0.0 0 350
686 350 3.04 0 0.0 0 350
688 350 3.04 0 0.0 0 350
690 350 3.04 0 0.0 0 350
692 350 3.04 0 0.0 0 350
694 350 3.04 0 0.0 0 350
696 350 3.04 0 0.0 0 350
698 350 3.04 0 0.0 0 350
700 350 3.04 0 0.0 0 350
702 350 3.04 0 0.0 0 350
704 350 3.04 0 0.0 0 350
706 350 3.04 0 0.0 0 350
708 350 3.04 0 0.0 0 350
710 350 3.04 0 0.0 0 350
712 350 3.04 0 0.0 0 350
714 350 3.04 0 0.0 0 350
716 350 3.04 0 0.0 0 350
718 350 3.04 0 0.0 0 350
720 350 3.04 0 0.0 0 350
722 350 3.04 0 0.0 0 350
724 350 3.04 0 0.0 0 350
726 350 3.04 0 0.0 0 350
728 350 3.04 0 0.0 0 350
730 350 3.04 0 0.0 0 350
732 350 3.04 0 0.0 0 350
734 350 3.04 0 0.0 0 350
736 350 3.04 0 0.0 0 350
738 350 3.04 0 0.0 0 350
740 350 3.04 0 0.0 0 350
742 350 3.04 0 0.0 0 350
744 350 3.04 0 0.0 0 350
746 350 3.04 0 0.0 0 350
748 350 3.04 0 0.0 0 350
750 350 3.04 0 0.0 0 350
752 350 3.04 0 0.0 0 350
754 350 3.04 0 0.0 0 350
756 350 3.04 0 0.0 0 350
758 350 3.04 0 0.0 0 350
760 350 3.04 0 0.0 0 350
762 350 3.04 0 0.0 0 350
764 350 3.04 0 0.0 0 350
766 350 3.04 0 0.0 0 350
768 350 3.04 0 0.0 0 350
770 350 3.04 0 0.0 0 350
772 350 3.04 0 0.0 0 350
774 350 3.04 0 0.0 0 350
776 350 3.04 0 0.0 0 350
778 350 3.04 0 0.0 0 350
780 350 3.04 0 0.0 0 350
782 350 3.04 0 0.0 0 350
784 350 3.04 0 0.0 0 350
786 350 3.04 0 0.0 0 350
788 350 3.04 0 0.0 0 350
790 350 3.04 0 0.0 0 350
792 350 3.04 0 0.0 0 350
794 350 3.04 0 0.0 0 350
796 350 3.04 0 0.0 0 350
798 350 3.04 0 0.0 0 350
800 350 3.04 0 0.0 0 350
802 350 3.04 0 0.0 0 350
804 350 3.04 0 0.0 0 350
806 350 3.04 0 0.0 0 350
808 350 3.04 0 0.0 0 350
810 350 3.04 0 0.0 0 350
812 350 3.04 0 0.0 0 350
814 350 3.04 0 0.0 0 350
816 350 3.04 0 0.0 0 350
818 350 3.04 0 0.0 0 350
820 350 3.04 0 0.0 0 350
822 350 3.04 0 0.0 0 350
824 350 3.04 0 0.0 0 350
826 350 3.04 0 0.0 0 350
828 350 3.04 0 0.0 0 350
830 350 3.04 0 0.0 0 350
832 350 3.04 0 0.0 0 350
834 350 3.04 0 0.0 0 350
836 350 3.04 0 0.0 0 350
838 350 3.04 0 0.0 0 350
840 350 3.04 0 0.0 0 350
842 350 3.04 0 0.0 0 350
844 350 3.04 0 0.0 0 350
846 350 3.04 0 0.0 0 350
848 350 3.04 0 0.0 0 350
850 350 3.04 0 0.0 0 350
852 350 3.04 0 0.0 0 350
854 350 3.04 0 0.0 0 350
856 350 3.04 0 0.0 0 350
858 350 3.04 0 0.0 0 350
860 350 3.04 0 0.0 0 350
862 350 3.04 0 0.0 0 350
864 350 3.04 0 0.0 0 350
866 350 3.04 0 0.0 0 350
868 350 3.04 0 0.0 0 350
870 350 3.04 0 0.0 0 350
872 350 3.04 0 0.0 0 350
874 350 3.04 0 0.0 0 350
876 350 3.04 0 0.0 0 350
878 350 3.04 0 0.0 0 350
880 350 3.04 0 0.0 0 350
882 350 3.04 0 0.0 0 350
884 350 3.04 0 0.0 0 350
886 350 3.04 0 0.0 0 350
888 350 3.04 0 0.0 0 350
890 350 3.04 0 0.0 0 350
892 350 3.04 0 0.0 0 350
894 350 3.04 0 0.0 0 350
896 350 3.04 0 0.0 0 350
898 350 3.04 0 0.0 0 350
900 350 3.04 0 0.0 0 350
902 350 3.04 0 0.0 0 350
904 350 3.04 0 0.0 0 350
906 350 3.04 0 0.0 0 350
908 350 3.04 0 0.0 0 350
910 350 3.04 0 0.0 0 350
912 350 3.04 0 0.0 0 350
914 350 3.04 0 0.0 0 350
916 350 3.04 0 0.0 0 350
918 350 3.04 0 0.0 0 350
920 350 3.04 0 0.0 0 350
922 350 3.04 0 0.0 0 350
924 350 3.04 0 0.0 0 350
926 350 3.04 0 0.0 0 350
928 350 3.04 0 0.0 0 350
930 350 3.04 0 0.0 0 350
932 350 3.04 0 0.0 0 350
934 350 3.04 0 0.0 0 350
936 350 3.04 0 0.0 0 350
938 350 3.04 0 0.0 0 350
940 350 3.04 0 0.0 0 350
942 350 3.04 0 0.0 0 350
944 350 3.04 0 0.0 0 350
946 350 3.04 0 0.0 0 350
948 350 3.04 0 0.0 0 350
950 350 3.04 0 0.0 0 350
952 350 3.04 0 0.0 0 350
954 350 3.04 0 0.0 0 350
956 350 3.04 0 0.0 0 350
958 350 3.04 0 0.0 0 350
960 350 3.04 0 0.0 0 350
962 350 3.04 0 0.0 0 350
964 350 3.04 0 0.0 0 350
966 350 3.04 0 0.0 0 350
968 350 3.04 0 0.0 0 350
970 350 3.04 0 0.0 0 350
972 350 3.04 0 0.0 0 350
974 350 3.04 0 0.0 0 350
976 350 3.04 0 0.0 0 350
978 350 3.04 0 0.0 0 350
980 350 3.04 0 0.0 0 350
982 350 3.04 0 0.0 0 350
984 350 3.04 0 0.0 0 350
986 350 3.04 0 0.0 0 350
988 350 3.04 0 0.0 0 350
990 350 3.04 0 0.0 0 350
992 350 3.04 0 0.0 0 350
994 350 3.04 0 0.0 0 350
996 350 3.04 0 0.0 0 350
998 350 3.04 0 0.0 0 350
1000 350 3.04 0 0.0 0 350
1002 350 3.04 0 0.0 0 350
1004 350 3.04 0 0.0 0 350
1006 350 3.04 0 0.0 0 350
1008 350 3.04 0 0.0 0 350
1010 350 3.04 0 0.0 0 350
1012 350 3.04 0 0.0 0 350
1014 350 3.04 0 0.0 0 350
1016 350 3.04 0 0.0 0 350
1018 350 3.04 0 0.0 0 350
1020 350 3.04 0 0.0 0 350
1022 350 3.04 0 0.0 0 350
1024 350 3.04 0 0.0 0 350
1026 350 3.04 0 0.0 0 350
1028 350 3.04 0 0.0 0 350
1030 350 3.04 0 0.0 0 350
1032 350 3.04 0 0.0 0 350
1034 350 3.04 0 0.0 0 350
1036 350 3.04 0 0.0 0 350
1038 350 3.04 0 0.0 0 350
1040 350 3.04 0 0.0 0 350
1042 350 3.04 0 0.0 0 350
1044 350 3.04 0 0.0 0 350
1046 350 3.04 0 0.0 0 350
1048 350 3.04 0 0.0 0 350
1050 350 3.04 0 0.0 0 350
1052 350 3.04 0 0.0 0 350
1054 350 3.04 0 0.0 0 350
1056 350 3.04 0 0.0 0 350
1058 350 3.04 0 0.0 0 350
1060 350 3.04 0 0.0 0 350
1062 350 3.04 0 0.0 0 350
1064 350 3.04 0 0.0 0 350
1066 350 3.04 0 0.0 0 350
1068 350 3.04 0 0.0 0 350
1070 350 3.04 0 0.0 0 350
1072 350 3.04 0 0.0 0 350
1074 350 3.04 0 0.0 0 350
1076 350 3.04 0 0.0 0 350
1078 350 3.04 0 0.0 0 350
1080 350 3.04 0 0.0 0 350
1082 350 3.04 0 0.0 0 350
1084 350 3.04 0 0.0 0 350
1086 350 3.04 0 0.0 0 350
1088 350 3.04 0 0.0 0 350
1090 350 3.04 0 0.0 0 350
1092 350 3.04 0 0.0 0 350
1094 350 3.04 0 0.0 0 350
1096 350 3.04 0 0.0 0 350
1098 350 3.04 0 0.0 0 350
1100 350 3.04 0 0.0 0 350
1102 350 3.04 0 0.0 0 350
1104 350 3.04 0 0.0 0 350
1106 350 3.04 0 0.0 0 350
1108 350 3.04 0 0.0 0 350
1110 350 3.04 0 0.0 0 350
1112 350 3.04 0 0.0 0 350
1114 350 3.04 0 0.0 0 350
1116 350 3.04 0 0.0 0 350
1118 350 3.04 0 0.0 0 350
1120 350 3.04 0 0.0 0 350
1122 350 3.04 0 0.0 0 350
1124 350 3.04 0 0.0 0 350
1126 350 3.04 0 0.0 0 350
1128 350 3.04 0 0.0 0 350
1130 350 3.04 0 0.0 0 350
1132 350 3.04 0 0.0 0 350
1134 350 3.04 0 0.0 0 350
1136 350 3.04 0 0.0 0 350
1138 350 3.04 0 0.0 0 350
1140 350 3.04 0 0.0 0 350
1142 350 3.04 0 0.0 0 350
1144 350 3.04 0 0.0 0 350
1146 350 3.04 0 0.0 0 350
1148 350 3.04 0 0.0 0 350
1150 350 3.04 0 0.0 0 350
1152 350 3.04 0 0.0 0 350
1154 350 3.04 0 0.0 0 350
1156 350 3.04 0 0.0 0 350
1158 350 3.04 0 0.0 0 350
1160 350 3.04 0 0.0 0 350
1162 350 3.04 0 0.0 0 350
1164 350 3.04 0 0.0 0 350
1166 350 3.04 0 0.0 0 350
1168 350 3.04 0 0.0 0 350
1170 350 3.04 0 0.0 0 350
1172 350 3.04 0 0.0 0 350
1174 350 3.04 0 0.0 0 350
1176 350 3.04 0 0.0 0 350
1178 350 3.04 0 0.0 0 350
1180 350 3.04 0 0.0 0 350
1182 350 3.04 0 0.0 0 350
1184 350 3.04 0 0.0 0 350
1186 350 3.04 0 0.0 0 350
1188 350 3.04 0 0.0 0 350
1190 350 3.04 0 0.0 0 350
1192 350 3.04 0 0.0 0 350
1194 350 3.04 0 0.0 0 350
1196 350 3.04 0 0.0 0 350
1198 350 3.04 0 0.0 0 350
1200 350 3.04 0 0.0 0 350
1202 350 3.04 0 0.0 0 350
1204 350 3.04 0 0.0 0 350
1206 350 3.04 0 0.0 0 350
1208 350 3.04 0 0.0 0 350
1210 350 3.04 0 0.0 0 350
1212 350 3.04 0 0.0 0 350
1214 350 3.04 0 0.0 0 350
1216 350 3.04 0 0.0 0 350
1218 350 3.04 0 0.0 0 350
1220 350 3.04 0 0.0 0 350
1222 350 3.04 0 0.0 0 350
1224 350 3.04 0 0.0 0 350
1226 350 3.04 0 0.0 0 350
1228 350 3.04 0 0.0 0 350
1230 350 3.04 0 0.0 0 350
1232 350 3.04 0 0.0 0 350
1234 350 3.04 0 0.0 0 350
1236 350 3.04 0 0.0 0 350
1238 350 3.04 0 0.0 0 350
1240 350 3.04 0 0.0 0 350
1242 350 3.04 0 0.0 0 350
1244 350 3.04 0 0.0 0 350
1246 350 3.04 0 0.0 0 350
1248 350 3.04 0 0.0 0 350
1250 350 3.04 0 0.0 0 350
1252 350 3.04 0 0.0 0 350
1254 350 3.04 0 0.0 0 350
1256 350 3.04 0 0.0 0 350
1258 350 3.04 0 0.0 0 350
1260 350 3.04 0 0.0 0 350
1262 350 3.04 0 0.0 0 350
1264 350 3.04 0 0.0 0 350
1266 350 3.04 0 0.0 0 350
1268 350 3.04 0 0.0 0 350
1270 350 3.04 0 0.0 0 350
1272 350 3.04 0 0.0 0 350
1274 350 3.04 0 0.0 0 350
1276 350 3.04 0 0.0 0 350
1278 350 3.04 0 0.0 0 350
1280 350 3.04 0 0.0 0 350
1282 350 3.04 0 0.0 0 350
1284 350 3.04 0 0.0 0 350
1286 350 3.04 0 0.0 0 350
1288 350 3.04 0 0.0 0 350
1290 350 3.04 0 0.0 0 350
1292 350 3.04 0 0.0 0 350
1294 350 3.04 0 0.0 0 350
1296 350 3.04 0 0.0 0 350
1298 350 3.04 0 0.0 0 350
1300 350 3.04 0 0.0 0 350
1302 350 3.04 0 0.0 0 350
1304 350 3.04 0 0.0 0 350
1306 350 3.04 0 0.0 0 350
1308 350 3.04 0 0.0 0 350
1310 350 3.04 0 0.0 0 350
1312 350 3.04 0 0.0 0 350
1314 350 3.04 0 0.0 0 350
1316 350 3.04 0 0.0 0 350
1318 350 3.04 0 0.0 0 350
1320 350 3.04 0 0.0 0 350
1322 350 3.04 0 0.0 0 350
1324 350 3.04 0 0.0 0 350
1326 350 3.04 0 0.0 0 350
1328 350 3.04 0 0.0 0 350
1330 350 3.04 0 0.0 0 350
1332 350 3.04 0 0.0 0 350
1334 350 3.04 0 0.0 0 350
1336 350 3.04 0 0.0 0 350
1338 350 3.04 0 0.0 0 350
1340 350 3.04 0 0.0 0 350
1342 350 3.04 0 0.0 0 350
1344 350 3.04 0 0.0 0 350
1346 350 3.04 0 0.0 0 350
1348 350 3.04 0 0.0 0 350
1350 350 3.04 0 0.0 0 350
1352 350 3.04 0 0.0 0 350
1354 350 3.04 0 0.0 0 350
1356 350 3.04 0 0.0 0 350
1358 350 3.04 0 0.0 0 350
1360 350 3.04 0 0.0 0 350
1362 350 3.04 0 0.0 0 350
1364 350 3.04 0 0.0 0 350
1366 350 3.04 0 0.0 0 350
1368 350 3.04 0 0.0 0 350
1370 350 3.04 0 0.0 0 350
1372 350 3.04 0 0.0 0 350
1374 350 3.04 0 0.0 0 350
1376 350 3.04 0 0.0 0 350
1378 350 3.04 0 0.0 0 350
1380 350 3.04 0 0.0 0 350
1382 350 3.04 0 0.0 0 350
1384 350 3.04 0 0.0 0 350
1386 350 3.04 0 0.0 0 350
1388 350 3.04 0 0.0 0 350
1390 350 3.04 0 0.0 0 350
1392 350 3.04 0 0.0 0 350
1394 350 3.04 0 0.0 0 350
1396 350 3.04 0 0.0 0 350
1398 350 3.04 0 0.0 0 350
1400 350 3.04 0 0.0 0 350
1402 350 3.04 0 0.0 0 350
1404 350 3.04 0 0.0 0 350
1406 350 3.04 0 0.0 0 350
1408 350 3.04 0 0.0 0 350
1410 350 3.04 0 0.0 0 350
1412 350 3.04 0 0.0 0 350
1414 350 3.04 0 0.0 0 350
1416 350 3.04 0 0.0 0 350
1418 350 3.04 0 0.0 0 350
1420 350 3.04 0 0.0 0 350
1422 350 3.04 0 0.0 0 350
1424 350 3.04 0 0.0 0 350
1426 350 3.04 0 0.0 0 350
1428 350 3.04 0 0.0 0 350
1430 350 3.04 0 0.0 0 350
1432 350 3.04 0 0.0 0 350
1434 350 3.04 0 0.0 0 350
1436 350 3.04 0 0.0 0 350
1438 350 3.04 0 0.0 0 350
1440 350 3.04 0 0.0 0 350
