Time PAO1_Count PAO1_Conc Acetate_Count Acetate_Conc PAO1_Died bacteria_couldn't_eat
0 4 0.02 77081 2.4 0 0
2 4 0.02 77081 2.4 0 0
4 4 0.02 77066 2.4 0 0
6 4 0.03 77053 2.4 0 0
8 4 0.03 77037 2.4 0 0
10 4 0.03 77022 2.4 0 0
12 4 0.03 77007 2.4 0 0
14 4 0.03 76991 2.4 0 0
16 4 0.03 76975 2.4 0 0
18 4 0.03 76958 2.4 0 0
20 4 0.03 76942 2.4 0 0
22 4 0.03 76924 2.4 0 0
24 4 0.03 76906 2.39 0 0
26 4 0.03 76887 2.39 0 0
28 4 0.03 76867 2.39 0 0
30 4 0.03 76847 2.39 0 0
32 4 0.03 76829 2.39 0 0
34 4 0.03 76809 2.39 0 0
36 4 0.04 76789 2.39 0 0
38 4 0.04 76769 2.39 0 0
40 4 0.04 76749 2.39 0 0
42 4 0.04 76728 2.39 0 0
44 4 0.04 76706 2.39 0 0
46 4 0.04 76683 2.39 0 0
48 4 0.04 76660 2.39 0 0
50 4 0.04 76636 2.39 0 0
52 4 0.04 76612 2.39 0 0
54 4 0.04 76587 2.38 0 0
56 4 0.04 76561 2.38 0 0
58 4 0.05 76535 2.38 0 0
60 4 0.05 76507 2.38 0 0
62 4 0.05 76481 2.38 0 0
64 5 0.05 76452 2.38 0 0
66 8 0.05 76425 2.38 0 0
68 8 0.05 76399 2.38 0 0
70 8 0.05 76369 2.38 0 0
72 8 0.05 76339 2.38 0 0
74 8 0.05 76309 2.38 0 0
76 8 0.05 76279 2.38 0 0
78 8 0.06 76248 2.37 0 0
80 8 0.06 76217 2.37 0 0
82 8 0.06 76185 2.37 0 0
84 8 0.06 76151 2.37 0 0
86 8 0.06 76118 2.37 0 0
88 8 0.06 76082 2.37 0 0
90 8 0.06 76046 2.37 0 0
92 8 0.07 76009 2.37 0 0
94 8 0.07 75971 2.37 0 0
96 8 0.07 75933 2.36 0 0
98 8 0.07 75893 2.36 0 0
100 8 0.07 75850 2.36 0 0
102 8 0.07 75809 2.36 0 0
104 8 0.07 75767 2.36 0 0
106 8 0.08 75725 2.36 0 0
108 8 0.08 75678 2.36 0 0
110 8 0.08 75634 2.36 0 0
112 8 0.08 75588 2.35 0 0
114 8 0.08 75540 2.35 0 0
116 8 0.08 75489 2.35 0 0
118 8 0.09 75438 2.35 0 0
120 8 0.09 75385 2.35 0 0
122 8 0.09 75331 2.35 0 0
124 8 0.09 75274 2.34 0 0
126 8 0.09 75220 2.34 0 0
128 12 0.1 75163 2.34 0 0
130 15 0.1 75107 2.34 0 0
132 16 0.1 75047 2.34 0 0
134 16 0.1 74992 2.34 0 0
136 16 0.11 74932 2.33 0 0
138 16 0.11 74869 2.33 0 0
140 16 0.11 74807 2.33 0 0
142 16 0.11 74743 2.33 0 0
144 16 0.12 74680 2.33 0 0
146 16 0.12 74613 2.32 0 0
148 16 0.12 74548 2.32 0 0
150 16 0.12 74481 2.32 0 0
152 16 0.13 74411 2.32 0 0
154 16 0.13 74337 2.31 0 0
156 16 0.13 74260 2.31 0 0
158 16 0.13 74181 2.31 0 0
160 16 0.14 74102 2.31 0 0
162 16 0.14 74019 2.31 0 0
164 16 0.14 73939 2.3 0 0
166 16 0.15 73856 2.3 0 0
168 16 0.15 73773 2.3 0 0
170 16 0.15 73687 2.29 0 0
172 16 0.16 73601 2.29 0 0
174 16 0.16 73508 2.29 0 0
176 16 0.16 73414 2.29 0 0
178 16 0.17 73318 2.28 0 0
180 16 0.17 73218 2.28 0 0
182 16 0.17 73113 2.28 0 0
184 16 0.18 73007 2.27 0 0
186 16 0.18 72901 2.27 0 0
188 16 0.19 72790 2.27 0 0
190 17 0.19 72679 2.26 0 0
192 26 0.2 72566 2.26 0 0
194 32 0.2 72455 2.26 0 0
196 32 0.2 72345 2.25 0 0
198 32 0.21 72231 2.25 0 0
200 32 0.21 72106 2.25 0 0
202 32 0.22 71983 2.24 0 0
204 32 0.22 71858 2.24 0 0
206 32 0.23 71727 2.23 0 0
208 32 0.23 71598 2.23 0 0
210 32 0.24 71466 2.23 0 0
212 32 0.24 71331 2.22 0 0
214 32 0.25 71191 2.22 0 0
216 32 0.25 71046 2.21 0 0
218 32 0.26 70897 2.21 0 0
220 32 0.26 70753 2.2 0 0
222 32 0.27 70599 2.2 0 0
224 32 0.28 70443 2.19 0 0
226 32 0.28 70281 2.19 0 0
228 32 0.29 70119 2.18 0 0
230 32 0.3 69951 2.18 0 0
232 32 0.3 69775 2.17 0 0
234 32 0.31 69597 2.17 0 0
236 32 0.32 69412 2.16 0 0
238 32 0.32 69224 2.16 0 0
240 32 0.33 69036 2.15 0 0
242 32 0.34 68838 2.14 0 0
244 32 0.34 68633 2.14 0 0
246 32 0.35 68425 2.13 0 0
248 32 0.36 68211 2.12 0 0
250 32 0.37 67993 2.12 0 0
252 32 0.38 67768 2.11 0 0
254 37 0.39 67543 2.1 0 0
256 58 0.39 67308 2.1 0 0
258 64 0.4 67085 2.09 0 0
260 64 0.41 66858 2.08 0 0
262 64 0.42 66630 2.08 0 0
264 64 0.43 66383 2.07 0 0
266 64 0.44 66139 2.06 0 0
268 64 0.45 65883 2.05 0 0
270 64 0.46 65623 2.04 0 0
272 64 0.47 65361 2.04 0 0
274 64 0.48 65099 2.03 0 0
276 64 0.49 64826 2.02 0 0
278 64 0.5 64546 2.01 0 0
280 64 0.51 64254 2.0 0 0
282 64 0.52 63965 1.99 0 0
284 64 0.53 63667 1.98 0 0
286 64 0.55 63349 1.97 0 0
288 64 0.56 63025 1.96 0 0
290 64 0.57 62700 1.95 0 0
292 64 0.58 62364 1.94 0 0
294 64 0.6 62023 1.93 0 0
296 64 0.61 61668 1.92 0 0
298 64 0.62 61308 1.91 0 0
300 64 0.64 60941 1.9 0 0
302 64 0.65 60562 1.89 0 0
304 64 0.67 60171 1.87 0 0
306 64 0.68 59777 1.86 0 0
308 64 0.7 59375 1.85 0 0
310 64 0.71 58956 1.84 0 0
312 64 0.73 58529 1.82 0 0
314 64 0.74 58091 1.81 0 0
316 71 0.76 57645 1.8 0 0
318 91 0.78 57192 1.78 0 0
320 121 0.8 56741 1.77 0 0
322 128 0.81 56287 1.75 0 0
324 128 0.83 55815 1.74 0 0
326 128 0.85 55336 1.72 0 0
328 128 0.87 54853 1.71 0 0
330 128 0.89 54349 1.69 0 0
332 128 0.91 53837 1.68 0 0
334 128 0.93 53319 1.66 0 0
336 128 0.95 52793 1.65 0 0
338 128 0.97 52258 1.63 0 0
340 128 0.99 51707 1.61 0 0
342 128 1.01 51149 1.59 0 0
344 128 1.03 50569 1.58 0 0
346 128 1.05 49958 1.56 0 0
348 128 1.08 49339 1.54 0 0
350 128 1.1 48711 1.52 0 0
352 128 1.13 48070 1.5 0 0
354 128 1.15 47408 1.48 0 0
356 128 1.18 46732 1.46 0 0
358 128 1.2 46040 1.44 0 0
360 128 1.23 45330 1.41 0 0
362 128 1.26 44599 1.39 0 0
364 128 1.28 43862 1.37 0 0
366 128 1.31 43102 1.34 0 0
368 128 1.34 42320 1.32 0 0
370 128 1.37 41529 1.29 0 0
372 128 1.4 40709 1.27 0 0
374 128 1.44 39865 1.24 0 0
376 128 1.47 39005 1.22 0 0
378 135 1.5 38119 1.19 0 0
380 156 1.54 37222 1.16 0 0
382 215 1.57 36306 1.13 0 0
384 246 1.61 35401 1.1 0 0
386 256 1.64 34501 1.08 0 0
388 256 1.68 33555 1.05 0 0
390 256 1.71 32602 1.02 0 0
392 256 1.75 31612 0.99 0 0
394 256 1.79 30604 0.95 0 0
396 256 1.83 29578 0.92 0 0
398 256 1.87 28530 0.89 0 0
400 256 1.91 27467 0.86 0 0
402 256 1.95 26392 0.82 0 0
404 256 1.99 25287 0.79 0 0
406 256 2.03 24142 0.75 0 0
408 256 2.08 22957 0.72 0 0
410 256 2.13 21747 0.68 0 0
412 256 2.17 20509 0.64 0 0
414 256 2.22 19238 0.6 0 0
416 256 2.27 17948 0.56 0 0
418 256 2.32 16627 0.52 0 0
420 256 2.37 15286 0.48 0 0
422 256 2.42 13913 0.43 0 0
424 256 2.48 12542 0.39 0 6
426 256 2.53 11138 0.35 0 3
428 256 2.58 9704 0.3 0 6
430 256 2.64 8274 0.26 0 6
432 256 2.69 6929 0.22 0 13
434 256 2.74 5616 0.18 0 21
436 256 2.79 4372 0.14 0 21
438 256 2.83 3303 0.1 0 32
440 257 2.86 2417 0.08 0 49
442 260 2.89 1604 0.05 0 39
444 263 2.91 1004 0.03 0 67
446 268 2.93 582 0.02 0 99
448 274 2.94 320 0.01 0 138
450 276 2.95 149 0.0 0 170
452 277 2.95 72 0.0 0 214
454 277 2.95 25 0.0 0 235
456 277 2.95 12 0.0 0 264
458 277 2.95 3 0.0 0 268
460 277 2.95 2 0.0 0 276
462 277 2.95 0 0.0 0 275
464 277 2.95 0 0.0 0 277
466 277 2.95 0 0.0 0 277
468 277 2.95 0 0.0 0 277
470 277 2.95 0 0.0 0 277
472 277 2.95 0 0.0 0 277
474 277 2.95 0 0.0 0 277
476 277 2.95 0 0.0 0 277
478 277 2.95 0 0.0 0 277
480 277 2.95 0 0.0 0 277
482 277 2.95 0 0.0 0 277
484 277 2.95 0 0.0 0 277
486 277 2.95 0 0.0 0 277
488 277 2.95 0 0.0 0 277
490 277 2.95 0 0.0 0 277
492 277 2.95 0 0.0 0 277
494 277 2.95 0 0.0 0 277
496 277 2.95 0 0.0 0 277
498 277 2.95 0 0.0 0 277
500 277 2.95 0 0.0 0 277
502 277 2.95 0 0.0 0 277
504 277 2.95 0 0.0 0 277
506 277 2.95 0 0.0 0 277
508 277 2.95 0 0.0 0 277
510 277 2.95 0 0.0 0 277
512 277 2.95 0 0.0 0 277
514 277 2.95 0 0.0 0 277
516 277 2.95 0 0.0 0 277
518 277 2.95 0 0.0 0 277
520 277 2.95 0 0.0 0 277
522 277 2.95 0 0.0 0 277
524 277 2.95 0 0.0 0 277
526 277 2.95 0 0.0 0 277
528 277 2.95 0 0.0 0 277
530 277 2.95 0 0.0 0 277
532 277 2.95 0 0.0 0 277
534 277 2.95 0 0.0 0 277
536 277 2.95 0 0.0 0 277
538 277 2.95 0 0.0 0 277
540 277 2.95 0 0.0 0 277
542 277 2.95 0 0.0 0 277
544 277 2.95 0 0.0 0 277
546 277 2.95 0 0.0 0 277
548 277 2.95 0 0.0 0 277
550 277 2.95 0 0.0 0 277
552 277 2.95 0 0.0 0 277
554 277 2.95 0 0.0 0 277
556 277 2.95 0 0.0 0 277
558 277 2.95 0 0.0 0 277
560 277 2.95 0 0.0 0 277
562 277 2.95 0 0.0 0 277
564 277 2.95 0 0.0 0 277
566 277 2.95 0 0.0 0 277
568 277 2.95 0 0.0 0 277
570 277 2.95 0 0.0 0 277
572 277 2.95 0 0.0 0 277
574 277 2.95 0 0.0 0 277
576 277 2.95 0 0.0 0 277
578 277 2.95 0 0.0 0 277
580 277 2.95 0 0.0 0 277
582 277 2.95 0 0.0 0 277
584 277 2.95 0 0.0 0 277
586 277 2.95 0 0.0 0 277
588 277 2.95 0 0.0 0 277
590 277 2.95 0 0.0 0 277
592 277 2.95 0 0.0 0 277
594 277 2.95 0 0.0 0 277
596 277 2.95 0 0.0 0 277
598 277 2.95 0 0.0 0 277
600 277 2.95 0 0.0 0 277
602 277 2.95 0 0.0 0 277
604 277 2.95 0 0.0 0 277
606 277 2.95 0 0.0 0 277
608 277 2.95 0 0.0 0 277
610 277 2.95 0 0.0 0 277
612 277 2.95 0 0.0 0 277
614 277 2.95 0 0.0 0 277
616 277 2.95 0 0.0 0 277
618 277 2.95 0 0.0 0 277
620 277 2.95 0 0.0 0 277
622 277 2.95 0 0.0 0 277
624 277 2.95 0 0.0 0 277
626 277 2.95 0 0.0 0 277
628 277 2.95 0 0.0 0 277
630 277 2.95 0 0.0 0 277
632 277 2.95 0 0.0 0 277
634 277 2.95 0 0.0 0 277
636 277 2.95 0 0.0 0 277
638 277 2.95 0 0.0 0 277
640 277 2.95 0 0.0 0 277
642 277 2.95 0 0.0 0 277
644 277 2.95 0 0.0 0 277
646 277 2.95 0 0.0 0 277
648 277 2.95 0 0.0 0 277
650 277 2.95 0 0.0 0 277
652 277 2.95 0 0.0 0 277
654 277 2.95 0 0.0 0 277
656 277 2.95 0 0.0 0 277
658 277 2.95 0 0.0 0 277
660 277 2.95 0 0.0 0 277
662 277 2.95 0 0.0 0 277
664 277 2.95 0 0.0 0 277
666 277 2.95 0 0.0 0 277
668 277 2.95 0 0.0 0 277
670 277 2.95 0 0.0 0 277
672 277 2.95 0 0.0 0 277
674 277 2.95 0 0.0 0 277
676 277 2.95 0 0.0 0 277
678 277 2.95 0 0.0 0 277
680 277 2.95 0 0.0 0 277
682 277 2.95 0 0.0 0 277
684 277 2.95 0 0.0 0 277
686 277 2.95 0 0.0 0 277
688 277 2.95 0 0.0 0 277
690 277 2.95 0 0.0 0 277
692 277 2.95 0 0.0 0 277
694 277 2.95 0 0.0 0 277
696 277 2.95 0 0.0 0 277
698 277 2.95 0 0.0 0 277
700 277 2.95 0 0.0 0 277
702 277 2.95 0 0.0 0 277
704 277 2.95 0 0.0 0 277
706 277 2.95 0 0.0 0 277
708 277 2.95 0 0.0 0 277
710 277 2.95 0 0.0 0 277
712 277 2.95 0 0.0 0 277
714 277 2.95 0 0.0 0 277
716 277 2.95 0 0.0 0 277
718 277 2.95 0 0.0 0 277
720 277 2.95 0 0.0 0 277
722 277 2.95 0 0.0 0 277
724 277 2.95 0 0.0 0 277
726 277 2.95 0 0.0 0 277
728 277 2.95 0 0.0 0 277
730 277 2.95 0 0.0 0 277
732 277 2.95 0 0.0 0 277
734 277 2.95 0 0.0 0 277
736 277 2.95 0 0.0 0 277
738 277 2.95 0 0.0 0 277
740 277 2.95 0 0.0 0 277
742 277 2.95 0 0.0 0 277
744 277 2.95 0 0.0 0 277
746 277 2.95 0 0.0 0 277
748 277 2.95 0 0.0 0 277
750 277 2.95 0 0.0 0 277
752 277 2.95 0 0.0 0 277
754 277 2.95 0 0.0 0 277
756 277 2.95 0 0.0 0 277
758 277 2.95 0 0.0 0 277
760 277 2.95 0 0.0 0 277
762 277 2.95 0 0.0 0 277
764 277 2.95 0 0.0 0 277
766 277 2.95 0 0.0 0 277
768 277 2.95 0 0.0 0 277
770 277 2.95 0 0.0 0 277
772 277 2.95 0 0.0 0 277
774 277 2.95 0 0.0 0 277
776 277 2.95 0 0.0 0 277
778 277 2.95 0 0.0 0 277
780 277 2.95 0 0.0 0 277
782 277 2.95 0 0.0 0 277
784 277 2.95 0 0.0 0 277
786 277 2.95 0 0.0 0 277
788 277 2.95 0 0.0 0 277
790 277 2.95 0 0.0 0 277
792 277 2.95 0 0.0 0 277
794 277 2.95 0 0.0 0 277
796 277 2.95 0 0.0 0 277
798 277 2.95 0 0.0 0 277
800 277 2.95 0 0.0 0 277
802 277 2.95 0 0.0 0 277
804 277 2.95 0 0.0 0 277
806 277 2.95 0 0.0 0 277
808 277 2.95 0 0.0 0 277
810 277 2.95 0 0.0 0 277
812 277 2.95 0 0.0 0 277
814 277 2.95 0 0.0 0 277
816 277 2.95 0 0.0 0 277
818 277 2.95 0 0.0 0 277
820 277 2.95 0 0.0 0 277
822 277 2.95 0 0.0 0 277
824 277 2.95 0 0.0 0 277
826 277 2.95 0 0.0 0 277
828 277 2.95 0 0.0 0 277
830 277 2.95 0 0.0 0 277
832 277 2.95 0 0.0 0 277
834 277 2.95 0 0.0 0 277
836 277 2.95 0 0.0 0 277
838 277 2.95 0 0.0 0 277
840 277 2.95 0 0.0 0 277
842 277 2.95 0 0.0 0 277
844 277 2.95 0 0.0 0 277
846 277 2.95 0 0.0 0 277
848 277 2.95 0 0.0 0 277
850 277 2.95 0 0.0 0 277
852 277 2.95 0 0.0 0 277
854 277 2.95 0 0.0 0 277
856 277 2.95 0 0.0 0 277
858 277 2.95 0 0.0 0 277
860 277 2.95 0 0.0 0 277
862 277 2.95 0 0.0 0 277
864 277 2.95 0 0.0 0 277
866 277 2.95 0 0.0 0 277
868 277 2.95 0 0.0 0 277
870 277 2.95 0 0.0 0 277
872 277 2.95 0 0.0 0 277
874 277 2.95 0 0.0 0 277
876 277 2.95 0 0.0 0 277
878 277 2.95 0 0.0 0 277
880 277 2.95 0 0.0 0 277
882 277 2.95 0 0.0 0 277
884 277 2.95 0 0.0 0 277
886 277 2.95 0 0.0 0 277
888 277 2.95 0 0.0 0 277
890 277 2.95 0 0.0 0 277
892 277 2.95 0 0.0 0 277
894 277 2.95 0 0.0 0 277
896 277 2.95 0 0.0 0 277
898 277 2.95 0 0.0 0 277
900 277 2.95 0 0.0 0 277
902 277 2.95 0 0.0 0 277
904 277 2.95 0 0.0 0 277
906 277 2.95 0 0.0 0 277
908 277 2.95 0 0.0 0 277
910 277 2.95 0 0.0 0 277
912 277 2.95 0 0.0 0 277
914 277 2.95 0 0.0 0 277
916 277 2.95 0 0.0 0 277
918 277 2.95 0 0.0 0 277
920 277 2.95 0 0.0 0 277
922 277 2.95 0 0.0 0 277
924 277 2.95 0 0.0 0 277
926 277 2.95 0 0.0 0 277
928 277 2.95 0 0.0 0 277
930 277 2.95 0 0.0 0 277
932 277 2.95 0 0.0 0 277
934 277 2.95 0 0.0 0 277
936 277 2.95 0 0.0 0 277
938 277 2.95 0 0.0 0 277
940 277 2.95 0 0.0 0 277
942 277 2.95 0 0.0 0 277
944 277 2.95 0 0.0 0 277
946 277 2.95 0 0.0 0 277
948 277 2.95 0 0.0 0 277
950 277 2.95 0 0.0 0 277
952 277 2.95 0 0.0 0 277
954 277 2.95 0 0.0 0 277
956 277 2.95 0 0.0 0 277
958 277 2.95 0 0.0 0 277
960 277 2.95 0 0.0 0 277
962 277 2.95 0 0.0 0 277
964 277 2.95 0 0.0 0 277
966 277 2.95 0 0.0 0 277
968 277 2.95 0 0.0 0 277
970 277 2.95 0 0.0 0 277
972 277 2.95 0 0.0 0 277
974 277 2.95 0 0.0 0 277
976 277 2.95 0 0.0 0 277
978 277 2.95 0 0.0 0 277
980 277 2.95 0 0.0 0 277
982 277 2.95 0 0.0 0 277
984 277 2.95 0 0.0 0 277
986 277 2.95 0 0.0 0 277
988 277 2.95 0 0.0 0 277
990 277 2.95 0 0.0 0 277
992 277 2.95 0 0.0 0 277
994 277 2.95 0 0.0 0 277
996 277 2.95 0 0.0 0 277
998 277 2.95 0 0.0 0 277
1000 277 2.95 0 0.0 0 277
1002 277 2.95 0 0.0 0 277
1004 277 2.95 0 0.0 0 277
1006 277 2.95 0 0.0 0 277
1008 277 2.95 0 0.0 0 277
1010 277 2.95 0 0.0 0 277
1012 277 2.95 0 0.0 0 277
1014 277 2.95 0 0.0 0 277
1016 277 2.95 0 0.0 0 277
1018 277 2.95 0 0.0 0 277
1020 277 2.95 0 0.0 0 277
1022 277 2.95 0 0.0 0 277
1024 277 2.95 0 0.0 0 277
1026 277 2.95 0 0.0 0 277
1028 277 2.95 0 0.0 0 277
1030 277 2.95 0 0.0 0 277
1032 277 2.95 0 0.0 0 277
1034 277 2.95 0 0.0 0 277
1036 277 2.95 0 0.0 0 277
1038 277 2.95 0 0.0 0 277
1040 277 2.95 0 0.0 0 277
1042 277 2.95 0 0.0 0 277
1044 277 2.95 0 0.0 0 277
1046 277 2.95 0 0.0 0 277
1048 277 2.95 0 0.0 0 277
1050 277 2.95 0 0.0 0 277
1052 277 2.95 0 0.0 0 277
1054 277 2.95 0 0.0 0 277
1056 277 2.95 0 0.0 0 277
1058 277 2.95 0 0.0 0 277
1060 277 2.95 0 0.0 0 277
1062 277 2.95 0 0.0 0 277
1064 277 2.95 0 0.0 0 277
1066 277 2.95 0 0.0 0 277
1068 277 2.95 0 0.0 0 277
1070 277 2.95 0 0.0 0 277
1072 277 2.95 0 0.0 0 277
1074 277 2.95 0 0.0 0 277
1076 277 2.95 0 0.0 0 277
1078 277 2.95 0 0.0 0 277
1080 277 2.95 0 0.0 0 277
1082 277 2.95 0 0.0 0 277
1084 277 2.95 0 0.0 0 277
1086 277 2.95 0 0.0 0 277
1088 277 2.95 0 0.0 0 277
1090 277 2.95 0 0.0 0 277
1092 277 2.95 0 0.0 0 277
1094 277 2.95 0 0.0 0 277
1096 277 2.95 0 0.0 0 277
1098 277 2.95 0 0.0 0 277
1100 277 2.95 0 0.0 0 277
1102 277 2.95 0 0.0 0 277
1104 277 2.95 0 0.0 0 277
1106 277 2.95 0 0.0 0 277
1108 277 2.95 0 0.0 0 277
1110 277 2.95 0 0.0 0 277
1112 277 2.95 0 0.0 0 277
1114 277 2.95 0 0.0 0 277
1116 277 2.95 0 0.0 0 277
1118 277 2.95 0 0.0 0 277
1120 277 2.95 0 0.0 0 277
1122 277 2.95 0 0.0 0 277
1124 277 2.95 0 0.0 0 277
1126 277 2.95 0 0.0 0 277
1128 277 2.95 0 0.0 0 277
1130 277 2.95 0 0.0 0 277
1132 277 2.95 0 0.0 0 277
1134 277 2.95 0 0.0 0 277
1136 277 2.95 0 0.0 0 277
1138 277 2.95 0 0.0 0 277
1140 277 2.95 0 0.0 0 277
1142 277 2.95 0 0.0 0 277
1144 277 2.95 0 0.0 0 277
1146 277 2.95 0 0.0 0 277
1148 277 2.95 0 0.0 0 277
1150 277 2.95 0 0.0 0 277
1152 277 2.95 0 0.0 0 277
1154 277 2.95 0 0.0 0 277
1156 277 2.95 0 0.0 0 277
1158 277 2.95 0 0.0 0 277
1160 277 2.95 0 0.0 0 277
1162 277 2.95 0 0.0 0 277
1164 277 2.95 0 0.0 0 277
1166 277 2.95 0 0.0 0 277
1168 277 2.95 0 0.0 0 277
1170 277 2.95 0 0.0 0 277
1172 277 2.95 0 0.0 0 277
1174 277 2.95 0 0.0 0 277
1176 277 2.95 0 0.0 0 277
1178 277 2.95 0 0.0 0 277
1180 277 2.95 0 0.0 0 277
1182 277 2.95 0 0.0 0 277
1184 277 2.95 0 0.0 0 277
1186 277 2.95 0 0.0 0 277
1188 277 2.95 0 0.0 0 277
1190 277 2.95 0 0.0 0 277
1192 277 2.95 0 0.0 0 277
1194 277 2.95 0 0.0 0 277
1196 277 2.95 0 0.0 0 277
1198 277 2.95 0 0.0 0 277
1200 277 2.95 0 0.0 0 277
1202 277 2.95 0 0.0 0 277
1204 277 2.95 0 0.0 0 277
1206 277 2.95 0 0.0 0 277
1208 277 2.95 0 0.0 0 277
1210 277 2.95 0 0.0 0 277
1212 277 2.95 0 0.0 0 277
1214 277 2.95 0 0.0 0 277
1216 277 2.95 0 0.0 0 277
1218 277 2.95 0 0.0 0 277
1220 277 2.95 0 0.0 0 277
1222 277 2.95 0 0.0 0 277
1224 277 2.95 0 0.0 0 277
1226 277 2.95 0 0.0 0 277
1228 277 2.95 0 0.0 0 277
1230 277 2.95 0 0.0 0 277
1232 277 2.95 0 0.0 0 277
1234 277 2.95 0 0.0 0 277
1236 277 2.95 0 0.0 0 277
1238 277 2.95 0 0.0 0 277
1240 277 2.95 0 0.0 0 277
1242 277 2.95 0 0.0 0 277
1244 277 2.95 0 0.0 0 277
1246 277 2.95 0 0.0 0 277
1248 277 2.95 0 0.0 0 277
1250 277 2.95 0 0.0 0 277
1252 277 2.95 0 0.0 0 277
1254 277 2.95 0 0.0 0 277
1256 277 2.95 0 0.0 0 277
1258 277 2.95 0 0.0 0 277
1260 277 2.95 0 0.0 0 277
1262 277 2.95 0 0.0 0 277
1264 277 2.95 0 0.0 0 277
1266 277 2.95 0 0.0 0 277
1268 277 2.95 0 0.0 0 277
1270 277 2.95 0 0.0 0 277
1272 277 2.95 0 0.0 0 277
1274 277 2.95 0 0.0 0 277
1276 277 2.95 0 0.0 0 277
1278 277 2.95 0 0.0 0 277
1280 277 2.95 0 0.0 0 277
1282 277 2.95 0 0.0 0 277
1284 277 2.95 0 0.0 0 277
1286 277 2.95 0 0.0 0 277
1288 277 2.95 0 0.0 0 277
1290 277 2.95 0 0.0 0 277
1292 277 2.95 0 0.0 0 277
1294 277 2.95 0 0.0 0 277
1296 277 2.95 0 0.0 0 277
1298 277 2.95 0 0.0 0 277
1300 277 2.95 0 0.0 0 277
1302 277 2.95 0 0.0 0 277
1304 277 2.95 0 0.0 0 277
1306 277 2.95 0 0.0 0 277
1308 277 2.95 0 0.0 0 277
1310 277 2.95 0 0.0 0 277
1312 277 2.95 0 0.0 0 277
1314 277 2.95 0 0.0 0 277
1316 277 2.95 0 0.0 0 277
1318 277 2.95 0 0.0 0 277
1320 277 2.95 0 0.0 0 277
1322 277 2.95 0 0.0 0 277
1324 277 2.95 0 0.0 0 277
1326 277 2.95 0 0.0 0 277
1328 277 2.95 0 0.0 0 277
1330 277 2.95 0 0.0 0 277
1332 277 2.95 0 0.0 0 277
1334 277 2.95 0 0.0 0 277
1336 277 2.95 0 0.0 0 277
1338 277 2.95 0 0.0 0 277
1340 277 2.95 0 0.0 0 277
1342 277 2.95 0 0.0 0 277
1344 277 2.95 0 0.0 0 277
1346 277 2.95 0 0.0 0 277
1348 277 2.95 0 0.0 0 277
1350 277 2.95 0 0.0 0 277
1352 277 2.95 0 0.0 0 277
1354 277 2.95 0 0.0 0 277
1356 277 2.95 0 0.0 0 277
1358 277 2.95 0 0.0 0 277
1360 277 2.95 0 0.0 0 277
1362 277 2.95 0 0.0 0 277
1364 277 2.95 0 0.0 0 277
1366 277 2.95 0 0.0 0 277
1368 277 2.95 0 0.0 0 277
1370 277 2.95 0 0.0 0 277
1372 277 2.95 0 0.0 0 277
1374 277 2.95 0 0.0 0 277
1376 277 2.95 0 0.0 0 277
1378 277 2.95 0 0.0 0 277
1380 277 2.95 0 0.0 0 277
1382 277 2.95 0 0.0 0 277
1384 277 2.95 0 0.0 0 277
1386 277 2.95 0 0.0 0 277
1388 277 2.95 0 0.0 0 277
1390 277 2.95 0 0.0 0 277
1392 277 2.95 0 0.0 0 277
1394 277 2.95 0 0.0 0 277
1396 277 2.95 0 0.0 0 277
1398 277 2.95 0 0.0 0 277
1400 277 2.95 0 0.0 0 277
1402 277 2.95 0 0.0 0 277
1404 277 2.95 0 0.0 0 277
1406 277 2.95 0 0.0 0 277
1408 277 2.95 0 0.0 0 277
1410 277 2.95 0 0.0 0 277
1412 277 2.95 0 0.0 0 277
1414 277 2.95 0 0.0 0 277
1416 277 2.95 0 0.0 0 277
1418 277 2.95 0 0.0 0 277
1420 277 2.95 0 0.0 0 277
1422 277 2.95 0 0.0 0 277
1424 277 2.95 0 0.0 0 277
1426 277 2.95 0 0.0 0 277
1428 277 2.95 0 0.0 0 277
1430 277 2.95 0 0.0 0 277
1432 277 2.95 0 0.0 0 277
1434 277 2.95 0 0.0 0 277
1436 277 2.95 0 0.0 0 277
1438 277 2.95 0 0.0 0 277
1440 277 2.95 0 0.0 0 277
