Time Custom..._Count Custom..._Conc Glycerol_Count Glycerol_Conc Custom..._Died bacteria_couldn't_eat
0 43 0.26 57811 2.76 0 0
2 43 0.26 57811 2.76 0 0
4 43 0.45 56037 2.67 0 0
6 129 0.79 52936 2.53 0 0
8 129 1.36 47668 2.27 0 0
10 341 2.23 39596 1.89 0 0
12 381 3.52 27518 1.31 0 18
14 619 4.93 14110 0.67 0 30
16 682 5.85 4825 0.23 0 153
18 722 6.2 997 0.05 0 191
20 730 6.28 100 0.0 0 363
22 731 6.29 9 0.0 0 649
24 731 6.29 1 0.0 0 723
26 731 6.29 0 0.0 0 730
28 731 6.29 0 0.0 0 731
30 731 6.29 0 0.0 0 731
32 731 6.29 0 0.0 0 731
34 731 6.29 0 0.0 0 731
36 731 6.29 0 0.0 0 731
38 731 6.29 0 0.0 0 731
40 731 6.29 0 0.0 0 731
42 731 6.29 0 0.0 0 731
44 731 6.29 0 0.0 0 731
46 731 6.29 0 0.0 0 731
48 731 6.29 0 0.0 0 731
50 731 6.29 0 0.0 0 731
52 731 6.29 0 0.0 0 731
54 731 6.29 0 0.0 0 731
56 731 6.29 0 0.0 0 731
58 731 6.29 0 0.0 0 731
60 731 6.29 0 0.0 0 731
62 731 6.29 0 0.0 0 731
64 731 6.29 0 0.0 0 731
66 731 6.29 0 0.0 0 731
68 731 6.29 0 0.0 0 731
70 731 6.29 0 0.0 0 731
72 731 6.29 0 0.0 0 731
74 731 6.29 0 0.0 0 731
76 731 6.29 0 0.0 0 731
78 731 6.29 0 0.0 0 731
80 731 6.29 0 0.0 0 731
82 731 6.29 0 0.0 0 731
84 731 6.29 0 0.0 0 731
86 731 6.29 0 0.0 0 731
88 731 6.29 0 0.0 0 731
90 731 6.29 0 0.0 0 731
92 731 6.29 0 0.0 0 731
94 731 6.29 0 0.0 0 731
96 731 6.29 0 0.0 0 731
98 731 6.29 0 0.0 0 731
100 731 6.29 0 0.0 0 731
102 731 6.29 0 0.0 0 731
104 731 6.29 0 0.0 0 731
106 731 6.29 0 0.0 0 731
108 731 6.29 0 0.0 0 731
110 731 6.29 0 0.0 0 731
112 731 6.29 0 0.0 0 731
114 731 6.29 0 0.0 0 731
116 731 6.29 0 0.0 0 731
118 731 6.29 0 0.0 0 731
120 731 6.29 0 0.0 0 731
122 731 6.29 0 0.0 0 731
124 731 6.29 0 0.0 0 731
126 731 6.29 0 0.0 0 731
128 731 6.29 0 0.0 0 731
130 731 6.29 0 0.0 0 731
132 731 6.29 0 0.0 0 731
134 731 6.29 0 0.0 0 731
136 731 6.29 0 0.0 0 731
138 731 6.29 0 0.0 0 731
140 731 6.29 0 0.0 0 731
142 731 6.29 0 0.0 0 731
144 731 6.29 0 0.0 0 731
146 731 6.29 0 0.0 0 731
148 731 6.29 0 0.0 0 731
150 731 6.29 0 0.0 0 731
152 731 6.29 0 0.0 0 731
154 731 6.29 0 0.0 0 731
156 731 6.29 0 0.0 0 731
158 731 6.29 0 0.0 0 731
160 731 6.29 0 0.0 0 731
162 731 6.29 0 0.0 0 731
164 731 6.29 0 0.0 0 731
166 731 6.29 0 0.0 0 731
168 731 6.29 0 0.0 0 731
170 731 6.29 0 0.0 0 731
172 731 6.29 0 0.0 0 731
174 731 6.29 0 0.0 0 731
176 731 6.29 0 0.0 0 731
178 731 6.29 0 0.0 0 731
180 731 6.29 0 0.0 0 731
182 731 6.29 0 0.0 0 731
184 731 6.29 0 0.0 0 731
186 731 6.29 0 0.0 0 731
188 731 6.29 0 0.0 0 731
190 731 6.29 0 0.0 0 731
192 731 6.29 0 0.0 0 731
194 731 6.29 0 0.0 0 731
196 731 6.29 0 0.0 0 731
198 731 6.29 0 0.0 0 731
200 731 6.29 0 0.0 0 731
202 731 6.29 0 0.0 0 731
204 731 6.29 0 0.0 0 731
206 731 6.29 0 0.0 0 731
208 731 6.29 0 0.0 0 731
210 731 6.29 0 0.0 0 731
212 731 6.29 0 0.0 0 731
214 731 6.29 0 0.0 0 731
216 731 6.29 0 0.0 0 731
218 731 6.29 0 0.0 0 731
220 731 6.29 0 0.0 0 731
222 731 6.29 0 0.0 0 731
224 731 6.29 0 0.0 0 731
226 731 6.29 0 0.0 0 731
228 731 6.29 0 0.0 0 731
230 731 6.29 0 0.0 0 731
232 731 6.29 0 0.0 0 731
234 731 6.29 0 0.0 0 731
236 731 6.29 0 0.0 0 731
238 731 6.29 0 0.0 0 731
240 731 6.29 0 0.0 0 731
242 731 6.29 0 0.0 0 731
244 731 6.29 0 0.0 0 731
246 731 6.29 0 0.0 0 731
248 731 6.29 0 0.0 0 731
250 731 6.29 0 0.0 0 731
252 731 6.29 0 0.0 0 731
254 731 6.29 0 0.0 0 731
256 731 6.29 0 0.0 0 731
258 731 6.29 0 0.0 0 731
260 731 6.29 0 0.0 0 731
262 731 6.29 0 0.0 0 731
264 731 6.29 0 0.0 0 731
266 731 6.29 0 0.0 0 731
268 731 6.29 0 0.0 0 731
270 731 6.29 0 0.0 0 731
272 731 6.29 0 0.0 0 731
274 731 6.29 0 0.0 0 731
276 731 6.29 0 0.0 0 731
278 731 6.29 0 0.0 0 731
280 731 6.29 0 0.0 0 731
282 731 6.29 0 0.0 0 731
284 731 6.29 0 0.0 0 731
286 731 6.29 0 0.0 0 731
288 731 6.29 0 0.0 0 731
290 731 6.29 0 0.0 0 731
292 731 6.29 0 0.0 0 731
294 731 6.29 0 0.0 0 731
296 731 6.29 0 0.0 0 731
298 731 6.29 0 0.0 0 731
300 731 6.29 0 0.0 0 731
302 731 6.29 0 0.0 0 731
304 731 6.29 0 0.0 0 731
306 731 6.29 0 0.0 0 731
308 731 6.29 0 0.0 0 731
310 731 6.29 0 0.0 0 731
312 731 6.29 0 0.0 0 731
314 731 6.29 0 0.0 0 731
316 731 6.29 0 0.0 0 731
318 731 6.29 0 0.0 0 731
320 731 6.29 0 0.0 0 731
322 731 6.29 0 0.0 0 731
324 731 6.29 0 0.0 0 731
326 731 6.29 0 0.0 0 731
328 731 6.29 0 0.0 0 731
330 731 6.29 0 0.0 0 731
332 731 6.29 0 0.0 0 731
334 731 6.29 0 0.0 0 731
336 731 6.29 0 0.0 0 731
338 731 6.29 0 0.0 0 731
340 731 6.29 0 0.0 0 731
342 731 6.29 0 0.0 0 731
344 731 6.29 0 0.0 0 731
346 731 6.29 0 0.0 0 731
348 731 6.29 0 0.0 0 731
350 731 6.29 0 0.0 0 731
352 731 6.29 0 0.0 0 731
354 731 6.29 0 0.0 0 731
356 731 6.29 0 0.0 0 731
358 731 6.29 0 0.0 0 731
360 731 6.29 0 0.0 0 731
362 731 6.29 0 0.0 0 731
364 731 6.29 0 0.0 0 731
366 731 6.29 0 0.0 0 731
368 731 6.29 0 0.0 0 731
370 731 6.29 0 0.0 0 731
372 731 6.29 0 0.0 0 731
374 731 6.29 0 0.0 0 731
376 731 6.29 0 0.0 0 731
378 731 6.29 0 0.0 0 731
380 731 6.29 0 0.0 0 731
382 731 6.29 0 0.0 0 731
384 731 6.29 0 0.0 0 731
386 731 6.29 0 0.0 0 731
388 731 6.29 0 0.0 0 731
390 731 6.29 0 0.0 0 731
392 731 6.29 0 0.0 0 731
394 731 6.29 0 0.0 0 731
396 731 6.29 0 0.0 0 731
398 731 6.29 0 0.0 0 731
400 731 6.29 0 0.0 0 731
402 731 6.29 0 0.0 0 731
404 731 6.29 0 0.0 0 731
406 731 6.29 0 0.0 0 731
408 731 6.29 0 0.0 0 731
410 731 6.29 0 0.0 0 731
412 731 6.29 0 0.0 0 731
414 731 6.29 0 0.0 0 731
416 731 6.29 0 0.0 0 731
418 731 6.29 0 0.0 0 731
420 731 6.29 0 0.0 0 731
422 731 6.29 0 0.0 0 731
424 731 6.29 0 0.0 0 731
426 731 6.29 0 0.0 0 731
428 731 6.29 0 0.0 0 731
430 731 6.29 0 0.0 0 731
432 731 6.29 0 0.0 0 731
434 731 6.29 0 0.0 0 731
436 731 6.29 0 0.0 0 731
438 731 6.29 0 0.0 0 731
440 731 6.29 0 0.0 0 731
442 731 6.29 0 0.0 0 731
444 731 6.29 0 0.0 0 731
446 731 6.29 0 0.0 0 731
448 731 6.29 0 0.0 0 731
450 731 6.29 0 0.0 0 731
452 731 6.29 0 0.0 0 731
454 731 6.29 0 0.0 0 731
456 731 6.29 0 0.0 0 731
458 731 6.29 0 0.0 0 731
460 731 6.29 0 0.0 0 731
462 731 6.29 0 0.0 0 731
464 731 6.29 0 0.0 0 731
466 731 6.29 0 0.0 0 731
468 731 6.29 0 0.0 0 731
470 731 6.29 0 0.0 0 731
472 731 6.29 0 0.0 0 731
474 731 6.29 0 0.0 0 731
476 731 6.29 0 0.0 0 731
478 731 6.29 0 0.0 0 731
480 731 6.29 0 0.0 0 731
482 731 6.29 0 0.0 0 731
484 731 6.29 0 0.0 0 731
486 731 6.29 0 0.0 0 731
488 731 6.29 0 0.0 0 731
490 731 6.29 0 0.0 0 731
492 731 6.29 0 0.0 0 731
494 731 6.29 0 0.0 0 731
496 731 6.29 0 0.0 0 731
498 731 6.29 0 0.0 0 731
500 731 6.29 0 0.0 0 731
502 731 6.29 0 0.0 0 731
504 731 6.29 0 0.0 0 731
506 731 6.29 0 0.0 0 731
508 731 6.29 0 0.0 0 731
510 731 6.29 0 0.0 0 731
512 731 6.29 0 0.0 0 731
514 731 6.29 0 0.0 0 731
516 731 6.29 0 0.0 0 731
518 731 6.29 0 0.0 0 731
520 731 6.29 0 0.0 0 731
522 731 6.29 0 0.0 0 731
524 731 6.29 0 0.0 0 731
526 731 6.29 0 0.0 0 731
528 731 6.29 0 0.0 0 731
530 731 6.29 0 0.0 0 731
532 731 6.29 0 0.0 0 731
534 731 6.29 0 0.0 0 731
536 731 6.29 0 0.0 0 731
538 731 6.29 0 0.0 0 731
540 731 6.29 0 0.0 0 731
542 731 6.29 0 0.0 0 731
544 731 6.29 0 0.0 0 731
546 731 6.29 0 0.0 0 731
548 731 6.29 0 0.0 0 731
550 731 6.29 0 0.0 0 731
552 731 6.29 0 0.0 0 731
554 731 6.29 0 0.0 0 731
556 731 6.29 0 0.0 0 731
558 731 6.29 0 0.0 0 731
560 731 6.29 0 0.0 0 731
562 731 6.29 0 0.0 0 731
564 731 6.29 0 0.0 0 731
566 731 6.29 0 0.0 0 731
568 731 6.29 0 0.0 0 731
570 731 6.29 0 0.0 0 731
572 731 6.29 0 0.0 0 731
574 731 6.29 0 0.0 0 731
576 731 6.29 0 0.0 0 731
578 731 6.29 0 0.0 0 731
580 731 6.29 0 0.0 0 731
582 731 6.29 0 0.0 0 731
584 731 6.29 0 0.0 0 731
586 731 6.29 0 0.0 0 731
588 731 6.29 0 0.0 0 731
590 731 6.29 0 0.0 0 731
592 731 6.29 0 0.0 0 731
594 731 6.29 0 0.0 0 731
596 731 6.29 0 0.0 0 731
598 731 6.29 0 0.0 0 731
600 731 6.29 0 0.0 0 731
602 731 6.29 0 0.0 0 731
604 731 6.29 0 0.0 0 731
606 731 6.29 0 0.0 0 731
608 731 6.29 0 0.0 0 731
610 731 6.29 0 0.0 0 731
612 731 6.29 0 0.0 0 731
614 731 6.29 0 0.0 0 731
616 731 6.29 0 0.0 0 731
618 731 6.29 0 0.0 0 731
620 731 6.29 0 0.0 0 731
622 731 6.29 0 0.0 0 731
624 731 6.29 0 0.0 0 731
626 731 6.29 0 0.0 0 731
628 731 6.29 0 0.0 0 731
630 731 6.29 0 0.0 0 731
632 731 6.29 0 0.0 0 731
634 731 6.29 0 0.0 0 731
636 731 6.29 0 0.0 0 731
638 731 6.29 0 0.0 0 731
640 731 6.29 0 0.0 0 731
642 731 6.29 0 0.0 0 731
644 731 6.29 0 0.0 0 731
646 731 6.29 0 0.0 0 731
648 731 6.29 0 0.0 0 731
650 731 6.29 0 0.0 0 731
652 731 6.29 0 0.0 0 731
654 731 6.29 0 0.0 0 731
656 731 6.29 0 0.0 0 731
658 731 6.29 0 0.0 0 731
660 731 6.29 0 0.0 0 731
662 731 6.29 0 0.0 0 731
664 731 6.29 0 0.0 0 731
666 731 6.29 0 0.0 0 731
668 731 6.29 0 0.0 0 731
670 731 6.29 0 0.0 0 731
672 731 6.29 0 0.0 0 731
674 731 6.29 0 0.0 0 731
676 731 6.29 0 0.0 0 731
678 731 6.29 0 0.0 0 731
680 731 6.29 0 0.0 0 731
682 731 6.29 0 0.0 0 731
684 731 6.29 0 0.0 0 731
686 731 6.29 0 0.0 0 731
688 731 6.29 0 0.0 0 731
690 731 6.29 0 0.0 0 731
692 731 6.29 0 0.0 0 731
694 731 6.29 0 0.0 0 731
696 731 6.29 0 0.0 0 731
698 731 6.29 0 0.0 0 731
700 731 6.29 0 0.0 0 731
702 731 6.29 0 0.0 0 731
704 731 6.29 0 0.0 0 731
706 731 6.29 0 0.0 0 731
708 731 6.29 0 0.0 0 731
710 731 6.29 0 0.0 0 731
712 731 6.29 0 0.0 0 731
714 731 6.29 0 0.0 0 731
716 731 6.29 0 0.0 0 731
718 731 6.29 0 0.0 0 731
720 731 6.29 0 0.0 0 731
722 731 6.29 0 0.0 0 731
724 731 6.29 0 0.0 0 731
726 731 6.29 0 0.0 0 731
728 731 6.29 0 0.0 0 731
730 731 6.29 0 0.0 0 731
732 731 6.29 0 0.0 0 731
734 731 6.29 0 0.0 0 731
736 731 6.29 0 0.0 0 731
738 731 6.29 0 0.0 0 731
740 731 6.29 0 0.0 0 731
742 731 6.29 0 0.0 0 731
744 731 6.29 0 0.0 0 731
746 731 6.29 0 0.0 0 731
748 731 6.29 0 0.0 0 731
750 731 6.29 0 0.0 0 731
752 731 6.29 0 0.0 0 731
754 731 6.29 0 0.0 0 731
756 731 6.29 0 0.0 0 731
758 731 6.29 0 0.0 0 731
760 731 6.29 0 0.0 0 731
762 731 6.29 0 0.0 0 731
764 731 6.29 0 0.0 0 731
766 731 6.29 0 0.0 0 731
768 731 6.29 0 0.0 0 731
770 731 6.29 0 0.0 0 731
772 731 6.29 0 0.0 0 731
774 731 6.29 0 0.0 0 731
776 731 6.29 0 0.0 0 731
778 731 6.29 0 0.0 0 731
780 731 6.29 0 0.0 0 731
782 731 6.29 0 0.0 0 731
784 731 6.29 0 0.0 0 731
786 731 6.29 0 0.0 0 731
788 731 6.29 0 0.0 0 731
790 731 6.29 0 0.0 0 731
792 731 6.29 0 0.0 0 731
794 731 6.29 0 0.0 0 731
796 731 6.29 0 0.0 0 731
798 731 6.29 0 0.0 0 731
800 731 6.29 0 0.0 0 731
802 731 6.29 0 0.0 0 731
804 731 6.29 0 0.0 0 731
806 731 6.29 0 0.0 0 731
808 731 6.29 0 0.0 0 731
810 731 6.29 0 0.0 0 731
812 731 6.29 0 0.0 0 731
814 731 6.29 0 0.0 0 731
816 731 6.29 0 0.0 0 731
818 731 6.29 0 0.0 0 731
820 731 6.29 0 0.0 0 731
822 731 6.29 0 0.0 0 731
824 731 6.29 0 0.0 0 731
826 731 6.29 0 0.0 0 731
828 731 6.29 0 0.0 0 731
830 731 6.29 0 0.0 0 731
832 731 6.29 0 0.0 0 731
834 731 6.29 0 0.0 0 731
836 731 6.29 0 0.0 0 731
838 731 6.29 0 0.0 0 731
840 731 6.29 0 0.0 0 731
842 731 6.29 0 0.0 0 731
844 731 6.29 0 0.0 0 731
846 731 6.29 0 0.0 0 731
848 731 6.29 0 0.0 0 731
850 731 6.29 0 0.0 0 731
852 731 6.29 0 0.0 0 731
854 731 6.29 0 0.0 0 731
856 731 6.29 0 0.0 0 731
858 731 6.29 0 0.0 0 731
860 731 6.29 0 0.0 0 731
862 731 6.29 0 0.0 0 731
864 731 6.29 0 0.0 0 731
866 731 6.29 0 0.0 0 731
868 731 6.29 0 0.0 0 731
870 731 6.29 0 0.0 0 731
872 731 6.29 0 0.0 0 731
874 731 6.29 0 0.0 0 731
876 731 6.29 0 0.0 0 731
878 731 6.29 0 0.0 0 731
880 731 6.29 0 0.0 0 731
882 731 6.29 0 0.0 0 731
884 731 6.29 0 0.0 0 731
886 731 6.29 0 0.0 0 731
888 731 6.29 0 0.0 0 731
890 731 6.29 0 0.0 0 731
892 731 6.29 0 0.0 0 731
894 731 6.29 0 0.0 0 731
896 731 6.29 0 0.0 0 731
898 731 6.29 0 0.0 0 731
900 731 6.29 0 0.0 0 731
902 731 6.29 0 0.0 0 731
904 731 6.29 0 0.0 0 731
906 731 6.29 0 0.0 0 731
908 731 6.29 0 0.0 0 731
910 731 6.29 0 0.0 0 731
912 731 6.29 0 0.0 0 731
914 731 6.29 0 0.0 0 731
916 731 6.29 0 0.0 0 731
918 731 6.29 0 0.0 0 731
920 731 6.29 0 0.0 0 731
922 731 6.29 0 0.0 0 731
924 731 6.29 0 0.0 0 731
926 731 6.29 0 0.0 0 731
928 731 6.29 0 0.0 0 731
930 731 6.29 0 0.0 0 731
932 731 6.29 0 0.0 0 731
934 731 6.29 0 0.0 0 731
936 731 6.29 0 0.0 0 731
938 731 6.29 0 0.0 0 731
940 731 6.29 0 0.0 0 731
942 731 6.29 0 0.0 0 731
944 731 6.29 0 0.0 0 731
946 731 6.29 0 0.0 0 731
948 731 6.29 0 0.0 0 731
950 731 6.29 0 0.0 0 731
952 731 6.29 0 0.0 0 731
954 731 6.29 0 0.0 0 731
956 731 6.29 0 0.0 0 731
958 731 6.29 0 0.0 0 731
960 731 6.29 0 0.0 0 731
962 731 6.29 0 0.0 0 731
964 731 6.29 0 0.0 0 731
966 731 6.29 0 0.0 0 731
968 731 6.29 0 0.0 0 731
970 731 6.29 0 0.0 0 731
972 731 6.29 0 0.0 0 731
974 731 6.29 0 0.0 0 731
976 731 6.29 0 0.0 0 731
978 731 6.29 0 0.0 0 731
980 731 6.29 0 0.0 0 731
982 731 6.29 0 0.0 0 731
984 731 6.29 0 0.0 0 731
986 731 6.29 0 0.0 0 731
988 731 6.29 0 0.0 0 731
990 731 6.29 0 0.0 0 731
992 731 6.29 0 0.0 0 731
994 731 6.29 0 0.0 0 731
996 731 6.29 0 0.0 0 731
998 731 6.29 0 0.0 0 731
1000 731 6.29 0 0.0 0 731
1002 731 6.29 0 0.0 0 731
1004 731 6.29 0 0.0 0 731
1006 731 6.29 0 0.0 0 731
1008 731 6.29 0 0.0 0 731
1010 731 6.29 0 0.0 0 731
1012 731 6.29 0 0.0 0 731
1014 731 6.29 0 0.0 0 731
1016 731 6.29 0 0.0 0 731
1018 731 6.29 0 0.0 0 731
1020 731 6.29 0 0.0 0 731
1022 731 6.29 0 0.0 0 731
1024 731 6.29 0 0.0 0 731
1026 731 6.29 0 0.0 0 731
1028 731 6.29 0 0.0 0 731
1030 731 6.29 0 0.0 0 731
1032 731 6.29 0 0.0 0 731
1034 731 6.29 0 0.0 0 731
1036 731 6.29 0 0.0 0 731
1038 731 6.29 0 0.0 0 731
1040 731 6.29 0 0.0 0 731
1042 731 6.29 0 0.0 0 731
1044 731 6.29 0 0.0 0 731
1046 731 6.29 0 0.0 0 731
1048 731 6.29 0 0.0 0 731
1050 731 6.29 0 0.0 0 731
1052 731 6.29 0 0.0 0 731
1054 731 6.29 0 0.0 0 731
1056 731 6.29 0 0.0 0 731
1058 731 6.29 0 0.0 0 731
1060 731 6.29 0 0.0 0 731
1062 731 6.29 0 0.0 0 731
1064 731 6.29 0 0.0 0 731
1066 731 6.29 0 0.0 0 731
1068 731 6.29 0 0.0 0 731
1070 731 6.29 0 0.0 0 731
1072 731 6.29 0 0.0 0 731
1074 731 6.29 0 0.0 0 731
1076 731 6.29 0 0.0 0 731
1078 731 6.29 0 0.0 0 731
1080 731 6.29 0 0.0 0 731
1082 731 6.29 0 0.0 0 731
1084 731 6.29 0 0.0 0 731
1086 731 6.29 0 0.0 0 731
1088 731 6.29 0 0.0 0 731
1090 731 6.29 0 0.0 0 731
1092 731 6.29 0 0.0 0 731
1094 731 6.29 0 0.0 0 731
1096 731 6.29 0 0.0 0 731
1098 731 6.29 0 0.0 0 731
1100 731 6.29 0 0.0 0 731
1102 731 6.29 0 0.0 0 731
1104 731 6.29 0 0.0 0 731
1106 731 6.29 0 0.0 0 731
1108 731 6.29 0 0.0 0 731
1110 731 6.29 0 0.0 0 731
1112 731 6.29 0 0.0 0 731
1114 731 6.29 0 0.0 0 731
1116 731 6.29 0 0.0 0 731
1118 731 6.29 0 0.0 0 731
1120 731 6.29 0 0.0 0 731
1122 731 6.29 0 0.0 0 731
1124 731 6.29 0 0.0 0 731
1126 731 6.29 0 0.0 0 731
1128 731 6.29 0 0.0 0 731
1130 731 6.29 0 0.0 0 731
1132 731 6.29 0 0.0 0 731
1134 731 6.29 0 0.0 0 731
1136 731 6.29 0 0.0 0 731
1138 731 6.29 0 0.0 0 731
1140 731 6.29 0 0.0 0 731
1142 731 6.29 0 0.0 0 731
1144 731 6.29 0 0.0 0 731
1146 731 6.29 0 0.0 0 731
1148 731 6.29 0 0.0 0 731
1150 731 6.29 0 0.0 0 731
1152 731 6.29 0 0.0 0 731
1154 731 6.29 0 0.0 0 731
1156 731 6.29 0 0.0 0 731
1158 731 6.29 0 0.0 0 731
1160 731 6.29 0 0.0 0 731
1162 731 6.29 0 0.0 0 731
1164 731 6.29 0 0.0 0 731
1166 731 6.29 0 0.0 0 731
1168 731 6.29 0 0.0 0 731
1170 731 6.29 0 0.0 0 731
1172 731 6.29 0 0.0 0 731
1174 731 6.29 0 0.0 0 731
1176 731 6.29 0 0.0 0 731
1178 731 6.29 0 0.0 0 731
1180 731 6.29 0 0.0 0 731
1182 731 6.29 0 0.0 0 731
1184 731 6.29 0 0.0 0 731
1186 731 6.29 0 0.0 0 731
1188 731 6.29 0 0.0 0 731
1190 731 6.29 0 0.0 0 731
1192 731 6.29 0 0.0 0 731
1194 731 6.29 0 0.0 0 731
1196 731 6.29 0 0.0 0 731
1198 731 6.29 0 0.0 0 731
1200 731 6.29 0 0.0 0 731
1202 731 6.29 0 0.0 0 731
1204 731 6.29 0 0.0 0 731
1206 731 6.29 0 0.0 0 731
1208 731 6.29 0 0.0 0 731
1210 731 6.29 0 0.0 0 731
1212 731 6.29 0 0.0 0 731
1214 731 6.29 0 0.0 0 731
1216 731 6.29 0 0.0 0 731
1218 731 6.29 0 0.0 0 731
1220 731 6.29 0 0.0 0 731
1222 731 6.29 0 0.0 0 731
1224 731 6.29 0 0.0 0 731
1226 731 6.29 0 0.0 0 731
1228 731 6.29 0 0.0 0 731
1230 731 6.29 0 0.0 0 731
1232 731 6.29 0 0.0 0 731
1234 731 6.29 0 0.0 0 731
1236 731 6.29 0 0.0 0 731
1238 730 6.28 0 0.0 1 731
1240 730 6.28 0 0.0 1 730
1242 730 6.28 0 0.0 1 730
1244 730 6.28 0 0.0 1 730
1246 730 6.28 0 0.0 1 730
1248 730 6.28 0 0.0 1 730
1250 730 6.28 0 0.0 1 730
1252 729 6.27 0 0.0 2 730
1254 729 6.27 0 0.0 2 729
1256 729 6.27 0 0.0 2 729
1258 729 6.27 0 0.0 2 729
1260 729 6.27 0 0.0 2 729
1262 729 6.27 0 0.0 2 729
1264 728 6.26 0 0.0 3 729
1266 728 6.26 0 0.0 3 728
1268 728 6.26 0 0.0 3 728
1270 728 6.26 0 0.0 3 728
1272 728 6.26 0 0.0 3 728
1274 728 6.26 0 0.0 3 728
1276 728 6.26 0 0.0 3 728
1278 728 6.26 0 0.0 3 728
1280 728 6.26 0 0.0 3 728
1282 728 6.26 0 0.0 3 728
1284 728 6.26 0 0.0 3 728
1286 728 6.26 0 0.0 3 728
1288 728 6.26 0 0.0 3 728
1290 728 6.26 0 0.0 3 728
1292 728 6.26 0 0.0 3 728
1294 728 6.26 0 0.0 3 728
1296 728 6.26 0 0.0 3 728
1298 728 6.26 0 0.0 3 728
1300 728 6.26 0 0.0 3 728
1302 728 6.26 0 0.0 3 728
1304 728 6.26 0 0.0 3 728
1306 728 6.26 0 0.0 3 728
1308 728 6.26 0 0.0 3 728
1310 728 6.26 0 0.0 3 728
1312 728 6.26 0 0.0 3 728
1314 728 6.26 0 0.0 3 728
1316 728 6.26 0 0.0 3 728
1318 728 6.26 0 0.0 3 728
1320 728 6.26 0 0.0 3 728
1322 728 6.26 0 0.0 3 728
1324 728 6.26 0 0.0 3 728
1326 728 6.26 0 0.0 3 728
1328 728 6.26 0 0.0 3 728
1330 728 6.26 0 0.0 3 728
1332 728 6.26 0 0.0 3 728
1334 728 6.26 0 0.0 3 728
1336 728 6.26 0 0.0 3 728
1338 728 6.26 0 0.0 3 728
1340 728 6.26 0 0.0 3 728
1342 728 6.26 0 0.0 3 728
1344 728 6.26 0 0.0 3 728
1346 728 6.26 0 0.0 3 728
1348 728 6.26 0 0.0 3 728
1350 728 6.26 0 0.0 3 728
1352 728 6.26 0 0.0 3 728
1354 728 6.26 0 0.0 3 728
1356 728 6.26 0 0.0 3 728
1358 728 6.26 0 0.0 3 728
1360 728 6.26 0 0.0 3 728
1362 728 6.26 0 0.0 3 728
1364 728 6.26 0 0.0 3 728
1366 728 6.26 0 0.0 3 728
1368 728 6.26 0 0.0 3 728
1370 728 6.26 0 0.0 3 728
1372 728 6.26 0 0.0 3 728
1374 728 6.26 0 0.0 3 728
1376 728 6.26 0 0.0 3 728
1378 728 6.26 0 0.0 3 728
1380 728 6.26 0 0.0 3 728
1382 728 6.26 0 0.0 3 728
1384 728 6.26 0 0.0 3 728
1386 728 6.26 0 0.0 3 728
1388 728 6.26 0 0.0 3 728
1390 728 6.26 0 0.0 3 728
1392 728 6.26 0 0.0 3 728
1394 728 6.26 0 0.0 3 728
1396 728 6.26 0 0.0 3 728
1398 728 6.26 0 0.0 3 728
1400 728 6.26 0 0.0 3 728
1402 728 6.26 0 0.0 3 728
1404 728 6.26 0 0.0 3 728
1406 728 6.26 0 0.0 3 728
1408 728 6.26 0 0.0 3 728
1410 728 6.26 0 0.0 3 728
1412 727 6.25 0 0.0 4 728
1414 727 6.25 0 0.0 4 727
1416 727 6.25 0 0.0 4 727
1418 727 6.25 0 0.0 4 727
1420 727 6.25 0 0.0 4 727
1422 727 6.25 0 0.0 4 727
1424 727 6.25 0 0.0 4 727
1426 727 6.25 0 0.0 4 727
1428 727 6.25 0 0.0 4 727
1430 727 6.25 0 0.0 4 727
1432 727 6.25 0 0.0 4 727
1434 727 6.25 0 0.0 4 727
1436 727 6.25 0 0.0 4 727
1438 727 6.25 0 0.0 4 727
1440 727 6.25 0 0.0 4 727
