Time PAO1_Count PAO1_Conc Acetate_Count Acetate_Conc PAO1_Died bacteria_couldn't_eat
0 4 0.02 77081 2.4 0 0
2 4 0.02 77081 2.4 0 0
4 4 0.03 77057 2.4 0 0
6 4 0.03 77031 2.4 0 0
8 4 0.03 77004 2.4 0 0
10 4 0.03 76978 2.4 0 0
12 4 0.03 76951 2.4 0 0
14 4 0.03 76923 2.4 0 0
16 4 0.03 76894 2.4 0 0
18 4 0.03 76863 2.39 0 0
20 4 0.03 76832 2.39 0 0
22 4 0.03 76801 2.39 0 0
24 4 0.03 76768 2.39 0 0
26 4 0.03 76734 2.39 0 0
28 4 0.03 76698 2.39 0 0
30 4 0.04 76662 2.39 0 0
32 4 0.04 76625 2.39 0 0
34 4 0.04 76587 2.39 0 0
36 4 0.04 76548 2.38 0 0
38 4 0.04 76507 2.38 0 0
40 4 0.04 76465 2.38 0 0
42 4 0.04 76422 2.38 0 0
44 4 0.04 76379 2.38 0 0
46 4 0.04 76334 2.38 0 0
48 4 0.05 76288 2.38 0 0
50 4 0.05 76240 2.37 0 0
52 4 0.05 76193 2.37 0 0
54 8 0.05 76144 2.37 0 0
56 8 0.05 76094 2.37 0 0
58 8 0.05 76041 2.37 0 0
60 8 0.05 75987 2.37 0 0
62 8 0.05 75932 2.36 0 0
64 8 0.06 75872 2.36 0 0
66 8 0.06 75813 2.36 0 0
68 8 0.06 75751 2.36 0 0
70 8 0.06 75690 2.36 0 0
72 8 0.06 75627 2.35 0 0
74 8 0.06 75562 2.35 0 0
76 8 0.07 75494 2.35 0 0
78 8 0.07 75424 2.35 0 0
80 8 0.07 75352 2.35 0 0
82 8 0.07 75279 2.34 0 0
84 8 0.07 75203 2.34 0 0
86 8 0.08 75125 2.34 0 0
88 8 0.08 75044 2.34 0 0
90 8 0.08 74963 2.33 0 0
92 8 0.08 74881 2.33 0 0
94 8 0.08 74794 2.33 0 0
96 8 0.09 74705 2.32 0 0
98 8 0.09 74613 2.32 0 0
100 8 0.09 74520 2.32 0 0
102 8 0.09 74423 2.32 0 0
104 8 0.1 74323 2.31 0 0
106 16 0.1 74223 2.31 0 0
108 16 0.1 74115 2.31 0 0
110 16 0.1 74008 2.3 0 0
112 16 0.11 73899 2.3 0 0
114 16 0.11 73785 2.3 0 0
116 16 0.11 73668 2.29 0 0
118 16 0.12 73549 2.29 0 0
120 16 0.12 73427 2.28 0 0
122 16 0.12 73298 2.28 0 0
124 16 0.13 73168 2.28 0 0
126 16 0.13 73035 2.27 0 0
128 16 0.13 72897 2.27 0 0
130 16 0.14 72753 2.26 0 0
132 16 0.14 72610 2.26 0 0
134 16 0.14 72462 2.25 0 0
136 16 0.15 72309 2.25 0 0
138 16 0.15 72153 2.24 0 0
140 16 0.16 71995 2.24 0 0
142 16 0.16 71828 2.23 0 0
144 16 0.16 71655 2.23 0 0
146 16 0.17 71481 2.22 0 0
148 16 0.17 71301 2.22 0 0
150 16 0.18 71115 2.21 0 0
152 16 0.18 70924 2.21 0 0
154 16 0.19 70720 2.2 0 0
156 16 0.19 70520 2.19 0 0
158 32 0.2 70311 2.19 0 0
160 32 0.2 70100 2.18 0 0
162 32 0.21 69881 2.17 0 0
164 32 0.21 69658 2.17 0 0
166 32 0.22 69419 2.16 0 0
168 32 0.23 69184 2.15 0 0
170 32 0.23 68940 2.14 0 0
172 32 0.24 68694 2.14 0 0
174 32 0.24 68440 2.13 0 0
176 32 0.25 68173 2.12 0 0
178 32 0.26 67905 2.11 0 0
180 32 0.27 67624 2.1 0 0
182 32 0.27 67336 2.09 0 0
184 32 0.28 67039 2.08 0 0
186 32 0.29 66732 2.07 0 0
188 32 0.3 66422 2.06 0 0
190 32 0.3 66108 2.05 0 0
192 32 0.31 65772 2.04 0 0
194 32 0.32 65436 2.03 0 0
196 32 0.33 65087 2.02 0 0
198 32 0.34 64729 2.01 0 0
200 32 0.35 64364 2.0 0 0
202 32 0.36 63991 1.99 0 0
204 32 0.37 63610 1.98 0 0
206 32 0.38 63214 1.96 0 0
208 32 0.39 62809 1.95 0 0
210 64 0.4 62395 1.94 0 0
212 64 0.41 61971 1.93 0 0
214 64 0.42 61533 1.91 0 0
216 64 0.43 61090 1.9 0 0
218 64 0.44 60628 1.88 0 0
220 64 0.45 60152 1.87 0 0
222 64 0.47 59666 1.85 0 0
224 64 0.48 59163 1.84 0 0
226 64 0.49 58643 1.82 0 0
228 64 0.5 58098 1.8 0 0
230 64 0.52 57553 1.79 0 0
232 64 0.53 56991 1.77 0 0
234 64 0.55 56417 1.75 0 0
236 64 0.56 55830 1.73 0 0
238 64 0.58 55224 1.71 0 0
240 64 0.59 54599 1.69 0 0
242 64 0.61 53959 1.67 0 0
244 64 0.63 53306 1.65 0 0
246 64 0.64 52635 1.63 0 0
248 64 0.66 51935 1.61 0 0
250 64 0.68 51219 1.59 0 0
252 64 0.7 50484 1.57 0 0
254 64 0.71 49725 1.54 0 0
256 64 0.73 48945 1.52 0 0
258 64 0.75 48146 1.49 0 0
260 64 0.77 47334 1.47 0 0
262 128 0.8 46504 1.44 0 0
264 128 0.82 45649 1.41 0 0
266 128 0.84 44761 1.39 0 0
268 128 0.86 43855 1.36 0 0
270 128 0.89 42925 1.33 0 0
272 128 0.91 41964 1.3 0 0
274 128 0.93 40977 1.27 0 0
276 128 0.96 39961 1.24 0 0
278 128 0.99 38915 1.2 0 0
280 128 1.01 37848 1.17 0 0
282 128 1.04 36753 1.14 0 0
284 128 1.07 35637 1.1 0 0
286 128 1.1 34486 1.07 0 0
288 128 1.13 33294 1.03 0 0
290 128 1.16 32058 0.99 0 0
292 128 1.19 30806 0.95 0 0
294 128 1.22 29510 0.91 0 0
296 128 1.26 28195 0.87 0 0
298 128 1.29 26831 0.83 0 0
300 128 1.32 25430 0.78 0 0
302 128 1.36 23999 0.74 0 0
304 128 1.4 22531 0.69 0 0
306 128 1.44 21001 0.65 0 0
308 128 1.47 19464 0.6 0 0
310 128 1.51 17884 0.55 0 0
312 128 1.55 16277 0.5 0 0
314 255 1.6 14619 0.45 0 0
316 255 1.64 12947 0.4 0 2
318 256 1.68 11303 0.35 0 6
320 256 1.72 9686 0.3 0 12
322 256 1.76 8074 0.25 0 9
324 256 1.8 6666 0.2 0 24
326 256 1.84 5346 0.16 0 27
328 256 1.87 4220 0.13 0 46
330 256 1.9 3284 0.1 0 70
332 256 1.92 2511 0.08 0 99
334 256 1.94 1868 0.06 0 113
336 256 1.96 1298 0.04 0 120
338 256 1.97 884 0.03 0 145
340 256 1.98 609 0.02 0 162
342 256 1.99 398 0.01 0 172
344 256 1.99 250 0.01 0 200
346 256 2.0 132 0.0 0 194
348 256 2.0 66 0.0 0 215
350 256 2.0 28 0.0 0 228
352 256 2.0 13 0.0 0 241
354 256 2.0 4 0.0 0 247
356 256 2.0 2 0.0 0 254
358 256 2.0 1 0.0 0 255
360 256 2.0 0 0.0 0 255
362 256 2.0 0 0.0 0 256
364 256 2.0 0 0.0 0 256
366 256 2.0 0 0.0 0 256
368 256 2.0 0 0.0 0 256
370 256 2.0 0 0.0 0 256
372 256 2.0 0 0.0 0 256
374 256 2.0 0 0.0 0 256
376 256 2.0 0 0.0 0 256
378 256 2.0 0 0.0 0 256
380 256 2.0 0 0.0 0 256
382 256 2.0 0 0.0 0 256
384 256 2.0 0 0.0 0 256
386 256 2.0 0 0.0 0 256
388 256 2.0 0 0.0 0 256
390 256 2.0 0 0.0 0 256
392 256 2.0 0 0.0 0 256
394 256 2.0 0 0.0 0 256
396 256 2.0 0 0.0 0 256
398 256 2.0 0 0.0 0 256
400 256 2.0 0 0.0 0 256
402 256 2.0 0 0.0 0 256
404 256 2.0 0 0.0 0 256
406 256 2.0 0 0.0 0 256
408 256 2.0 0 0.0 0 256
410 256 2.0 0 0.0 0 256
412 256 2.0 0 0.0 0 256
414 256 2.0 0 0.0 0 256
416 256 2.0 0 0.0 0 256
418 256 2.0 0 0.0 0 256
420 256 2.0 0 0.0 0 256
422 256 2.0 0 0.0 0 256
424 256 2.0 0 0.0 0 256
426 256 2.0 0 0.0 0 256
428 256 2.0 0 0.0 0 256
430 256 2.0 0 0.0 0 256
432 256 2.0 0 0.0 0 256
434 256 2.0 0 0.0 0 256
436 256 2.0 0 0.0 0 256
438 256 2.0 0 0.0 0 256
440 256 2.0 0 0.0 0 256
442 256 2.0 0 0.0 0 256
444 256 2.0 0 0.0 0 256
446 256 2.0 0 0.0 0 256
448 256 2.0 0 0.0 0 256
450 256 2.0 0 0.0 0 256
452 256 2.0 0 0.0 0 256
454 256 2.0 0 0.0 0 256
456 256 2.0 0 0.0 0 256
458 256 2.0 0 0.0 0 256
460 256 2.0 0 0.0 0 256
462 256 2.0 0 0.0 0 256
464 256 2.0 0 0.0 0 256
466 256 2.0 0 0.0 0 256
468 256 2.0 0 0.0 0 256
470 256 2.0 0 0.0 0 256
472 256 2.0 0 0.0 0 256
474 256 2.0 0 0.0 0 256
476 256 2.0 0 0.0 0 256
478 256 2.0 0 0.0 0 256
480 256 2.0 0 0.0 0 256
482 256 2.0 0 0.0 0 256
484 256 2.0 0 0.0 0 256
486 256 2.0 0 0.0 0 256
488 256 2.0 0 0.0 0 256
490 256 2.0 0 0.0 0 256
492 256 2.0 0 0.0 0 256
494 256 2.0 0 0.0 0 256
496 256 2.0 0 0.0 0 256
498 256 2.0 0 0.0 0 256
500 256 2.0 0 0.0 0 256
502 256 2.0 0 0.0 0 256
504 256 2.0 0 0.0 0 256
506 256 2.0 0 0.0 0 256
508 256 2.0 0 0.0 0 256
510 256 2.0 0 0.0 0 256
512 256 2.0 0 0.0 0 256
514 256 2.0 0 0.0 0 256
516 256 2.0 0 0.0 0 256
518 256 2.0 0 0.0 0 256
520 256 2.0 0 0.0 0 256
522 256 2.0 0 0.0 0 256
524 256 2.0 0 0.0 0 256
526 256 2.0 0 0.0 0 256
528 256 2.0 0 0.0 0 256
530 256 2.0 0 0.0 0 256
532 256 2.0 0 0.0 0 256
534 256 2.0 0 0.0 0 256
536 256 2.0 0 0.0 0 256
538 256 2.0 0 0.0 0 256
540 256 2.0 0 0.0 0 256
542 256 2.0 0 0.0 0 256
544 256 2.0 0 0.0 0 256
546 256 2.0 0 0.0 0 256
548 256 2.0 0 0.0 0 256
550 256 2.0 0 0.0 0 256
552 256 2.0 0 0.0 0 256
554 256 2.0 0 0.0 0 256
556 256 2.0 0 0.0 0 256
558 256 2.0 0 0.0 0 256
560 256 2.0 0 0.0 0 256
562 256 2.0 0 0.0 0 256
564 256 2.0 0 0.0 0 256
566 256 2.0 0 0.0 0 256
568 256 2.0 0 0.0 0 256
570 256 2.0 0 0.0 0 256
572 256 2.0 0 0.0 0 256
574 256 2.0 0 0.0 0 256
576 256 2.0 0 0.0 0 256
578 256 2.0 0 0.0 0 256
580 256 2.0 0 0.0 0 256
582 256 2.0 0 0.0 0 256
584 256 2.0 0 0.0 0 256
586 256 2.0 0 0.0 0 256
588 256 2.0 0 0.0 0 256
590 256 2.0 0 0.0 0 256
592 256 2.0 0 0.0 0 256
594 256 2.0 0 0.0 0 256
596 256 2.0 0 0.0 0 256
598 256 2.0 0 0.0 0 256
600 256 2.0 0 0.0 0 256
602 256 2.0 0 0.0 0 256
604 256 2.0 0 0.0 0 256
606 256 2.0 0 0.0 0 256
608 256 2.0 0 0.0 0 256
610 256 2.0 0 0.0 0 256
612 256 2.0 0 0.0 0 256
614 256 2.0 0 0.0 0 256
616 256 2.0 0 0.0 0 256
618 256 2.0 0 0.0 0 256
620 256 2.0 0 0.0 0 256
622 256 2.0 0 0.0 0 256
624 256 2.0 0 0.0 0 256
626 256 2.0 0 0.0 0 256
628 256 2.0 0 0.0 0 256
630 256 2.0 0 0.0 0 256
632 256 2.0 0 0.0 0 256
634 256 2.0 0 0.0 0 256
636 256 2.0 0 0.0 0 256
638 256 2.0 0 0.0 0 256
640 256 2.0 0 0.0 0 256
642 256 2.0 0 0.0 0 256
644 256 2.0 0 0.0 0 256
646 256 2.0 0 0.0 0 256
648 256 2.0 0 0.0 0 256
650 256 2.0 0 0.0 0 256
652 256 2.0 0 0.0 0 256
654 256 2.0 0 0.0 0 256
656 256 2.0 0 0.0 0 256
658 256 2.0 0 0.0 0 256
660 256 2.0 0 0.0 0 256
662 256 2.0 0 0.0 0 256
664 256 2.0 0 0.0 0 256
666 256 2.0 0 0.0 0 256
668 256 2.0 0 0.0 0 256
670 256 2.0 0 0.0 0 256
672 256 2.0 0 0.0 0 256
674 256 2.0 0 0.0 0 256
676 256 2.0 0 0.0 0 256
678 256 2.0 0 0.0 0 256
680 256 2.0 0 0.0 0 256
682 256 2.0 0 0.0 0 256
684 256 2.0 0 0.0 0 256
686 256 2.0 0 0.0 0 256
688 256 2.0 0 0.0 0 256
690 256 2.0 0 0.0 0 256
692 256 2.0 0 0.0 0 256
694 256 2.0 0 0.0 0 256
696 256 2.0 0 0.0 0 256
698 256 2.0 0 0.0 0 256
700 256 2.0 0 0.0 0 256
702 256 2.0 0 0.0 0 256
704 256 2.0 0 0.0 0 256
706 256 2.0 0 0.0 0 256
708 256 2.0 0 0.0 0 256
710 256 2.0 0 0.0 0 256
712 256 2.0 0 0.0 0 256
714 256 2.0 0 0.0 0 256
716 256 2.0 0 0.0 0 256
718 256 2.0 0 0.0 0 256
720 256 2.0 0 0.0 0 256
722 256 2.0 0 0.0 0 256
724 256 2.0 0 0.0 0 256
726 256 2.0 0 0.0 0 256
728 256 2.0 0 0.0 0 256
730 256 2.0 0 0.0 0 256
732 256 2.0 0 0.0 0 256
734 256 2.0 0 0.0 0 256
736 256 2.0 0 0.0 0 256
738 256 2.0 0 0.0 0 256
740 256 2.0 0 0.0 0 256
742 256 2.0 0 0.0 0 256
744 256 2.0 0 0.0 0 256
746 256 2.0 0 0.0 0 256
748 256 2.0 0 0.0 0 256
750 256 2.0 0 0.0 0 256
752 256 2.0 0 0.0 0 256
754 256 2.0 0 0.0 0 256
756 256 2.0 0 0.0 0 256
758 256 2.0 0 0.0 0 256
760 256 2.0 0 0.0 0 256
762 256 2.0 0 0.0 0 256
764 256 2.0 0 0.0 0 256
766 256 2.0 0 0.0 0 256
768 256 2.0 0 0.0 0 256
770 256 2.0 0 0.0 0 256
772 256 2.0 0 0.0 0 256
774 256 2.0 0 0.0 0 256
776 256 2.0 0 0.0 0 256
778 256 2.0 0 0.0 0 256
780 256 2.0 0 0.0 0 256
782 256 2.0 0 0.0 0 256
784 256 2.0 0 0.0 0 256
786 256 2.0 0 0.0 0 256
788 256 2.0 0 0.0 0 256
790 256 2.0 0 0.0 0 256
792 256 2.0 0 0.0 0 256
794 256 2.0 0 0.0 0 256
796 256 2.0 0 0.0 0 256
798 256 2.0 0 0.0 0 256
800 256 2.0 0 0.0 0 256
802 256 2.0 0 0.0 0 256
804 256 2.0 0 0.0 0 256
806 256 2.0 0 0.0 0 256
808 256 2.0 0 0.0 0 256
810 256 2.0 0 0.0 0 256
812 256 2.0 0 0.0 0 256
814 256 2.0 0 0.0 0 256
816 256 2.0 0 0.0 0 256
818 256 2.0 0 0.0 0 256
820 256 2.0 0 0.0 0 256
822 256 2.0 0 0.0 0 256
824 256 2.0 0 0.0 0 256
826 256 2.0 0 0.0 0 256
828 256 2.0 0 0.0 0 256
830 256 2.0 0 0.0 0 256
832 256 2.0 0 0.0 0 256
834 256 2.0 0 0.0 0 256
836 256 2.0 0 0.0 0 256
838 256 2.0 0 0.0 0 256
840 256 2.0 0 0.0 0 256
842 256 2.0 0 0.0 0 256
844 256 2.0 0 0.0 0 256
846 256 2.0 0 0.0 0 256
848 256 2.0 0 0.0 0 256
850 256 2.0 0 0.0 0 256
852 256 2.0 0 0.0 0 256
854 256 2.0 0 0.0 0 256
856 256 2.0 0 0.0 0 256
858 256 2.0 0 0.0 0 256
860 256 2.0 0 0.0 0 256
862 256 2.0 0 0.0 0 256
864 256 2.0 0 0.0 0 256
866 256 2.0 0 0.0 0 256
868 256 2.0 0 0.0 0 256
870 256 2.0 0 0.0 0 256
872 256 2.0 0 0.0 0 256
874 256 2.0 0 0.0 0 256
876 256 2.0 0 0.0 0 256
878 256 2.0 0 0.0 0 256
880 256 2.0 0 0.0 0 256
882 256 2.0 0 0.0 0 256
884 256 2.0 0 0.0 0 256
886 256 2.0 0 0.0 0 256
888 256 2.0 0 0.0 0 256
890 256 2.0 0 0.0 0 256
892 256 2.0 0 0.0 0 256
894 256 2.0 0 0.0 0 256
896 256 2.0 0 0.0 0 256
898 256 2.0 0 0.0 0 256
900 256 2.0 0 0.0 0 256
902 256 2.0 0 0.0 0 256
904 256 2.0 0 0.0 0 256
906 256 2.0 0 0.0 0 256
908 256 2.0 0 0.0 0 256
910 256 2.0 0 0.0 0 256
912 256 2.0 0 0.0 0 256
914 256 2.0 0 0.0 0 256
916 256 2.0 0 0.0 0 256
918 256 2.0 0 0.0 0 256
920 256 2.0 0 0.0 0 256
922 256 2.0 0 0.0 0 256
924 256 2.0 0 0.0 0 256
926 256 2.0 0 0.0 0 256
928 256 2.0 0 0.0 0 256
930 256 2.0 0 0.0 0 256
932 256 2.0 0 0.0 0 256
934 256 2.0 0 0.0 0 256
936 256 2.0 0 0.0 0 256
938 256 2.0 0 0.0 0 256
940 256 2.0 0 0.0 0 256
942 256 2.0 0 0.0 0 256
944 256 2.0 0 0.0 0 256
946 256 2.0 0 0.0 0 256
948 256 2.0 0 0.0 0 256
950 256 2.0 0 0.0 0 256
952 256 2.0 0 0.0 0 256
954 256 2.0 0 0.0 0 256
956 256 2.0 0 0.0 0 256
958 256 2.0 0 0.0 0 256
960 256 2.0 0 0.0 0 256
962 256 2.0 0 0.0 0 256
964 256 2.0 0 0.0 0 256
966 256 2.0 0 0.0 0 256
968 256 2.0 0 0.0 0 256
970 256 2.0 0 0.0 0 256
972 256 2.0 0 0.0 0 256
974 256 2.0 0 0.0 0 256
976 256 2.0 0 0.0 0 256
978 256 2.0 0 0.0 0 256
980 256 2.0 0 0.0 0 256
982 256 2.0 0 0.0 0 256
984 256 2.0 0 0.0 0 256
986 256 2.0 0 0.0 0 256
988 256 2.0 0 0.0 0 256
990 256 2.0 0 0.0 0 256
992 256 2.0 0 0.0 0 256
994 256 2.0 0 0.0 0 256
996 256 2.0 0 0.0 0 256
998 256 2.0 0 0.0 0 256
1000 256 2.0 0 0.0 0 256
1002 256 2.0 0 0.0 0 256
1004 256 2.0 0 0.0 0 256
1006 256 2.0 0 0.0 0 256
1008 256 2.0 0 0.0 0 256
1010 256 2.0 0 0.0 0 256
1012 256 2.0 0 0.0 0 256
1014 256 2.0 0 0.0 0 256
1016 256 2.0 0 0.0 0 256
1018 256 2.0 0 0.0 0 256
1020 256 2.0 0 0.0 0 256
1022 256 2.0 0 0.0 0 256
1024 256 2.0 0 0.0 0 256
1026 256 2.0 0 0.0 0 256
1028 256 2.0 0 0.0 0 256
1030 256 2.0 0 0.0 0 256
1032 256 2.0 0 0.0 0 256
1034 256 2.0 0 0.0 0 256
1036 256 2.0 0 0.0 0 256
1038 256 2.0 0 0.0 0 256
1040 256 2.0 0 0.0 0 256
1042 256 2.0 0 0.0 0 256
1044 256 2.0 0 0.0 0 256
1046 256 2.0 0 0.0 0 256
1048 256 2.0 0 0.0 0 256
1050 256 2.0 0 0.0 0 256
1052 256 2.0 0 0.0 0 256
1054 256 2.0 0 0.0 0 256
1056 256 2.0 0 0.0 0 256
1058 256 2.0 0 0.0 0 256
1060 256 2.0 0 0.0 0 256
1062 256 2.0 0 0.0 0 256
1064 256 2.0 0 0.0 0 256
1066 256 2.0 0 0.0 0 256
1068 256 2.0 0 0.0 0 256
1070 256 2.0 0 0.0 0 256
1072 256 2.0 0 0.0 0 256
1074 256 2.0 0 0.0 0 256
1076 256 2.0 0 0.0 0 256
1078 256 2.0 0 0.0 0 256
1080 256 2.0 0 0.0 0 256
1082 256 2.0 0 0.0 0 256
1084 256 2.0 0 0.0 0 256
1086 256 2.0 0 0.0 0 256
1088 256 2.0 0 0.0 0 256
1090 256 2.0 0 0.0 0 256
1092 256 2.0 0 0.0 0 256
1094 256 2.0 0 0.0 0 256
1096 256 2.0 0 0.0 0 256
1098 256 2.0 0 0.0 0 256
1100 256 2.0 0 0.0 0 256
1102 256 2.0 0 0.0 0 256
1104 256 2.0 0 0.0 0 256
1106 256 2.0 0 0.0 0 256
1108 256 2.0 0 0.0 0 256
1110 256 2.0 0 0.0 0 256
1112 256 2.0 0 0.0 0 256
1114 256 2.0 0 0.0 0 256
1116 256 2.0 0 0.0 0 256
1118 256 2.0 0 0.0 0 256
1120 256 2.0 0 0.0 0 256
1122 256 2.0 0 0.0 0 256
1124 256 2.0 0 0.0 0 256
1126 256 2.0 0 0.0 0 256
1128 256 2.0 0 0.0 0 256
1130 256 2.0 0 0.0 0 256
1132 256 2.0 0 0.0 0 256
1134 256 2.0 0 0.0 0 256
1136 256 2.0 0 0.0 0 256
1138 256 2.0 0 0.0 0 256
1140 256 2.0 0 0.0 0 256
1142 256 2.0 0 0.0 0 256
1144 256 2.0 0 0.0 0 256
1146 256 2.0 0 0.0 0 256
1148 256 2.0 0 0.0 0 256
1150 256 2.0 0 0.0 0 256
1152 256 2.0 0 0.0 0 256
1154 256 2.0 0 0.0 0 256
1156 256 2.0 0 0.0 0 256
1158 256 2.0 0 0.0 0 256
1160 256 2.0 0 0.0 0 256
1162 256 2.0 0 0.0 0 256
1164 256 2.0 0 0.0 0 256
1166 256 2.0 0 0.0 0 256
1168 256 2.0 0 0.0 0 256
1170 256 2.0 0 0.0 0 256
1172 256 2.0 0 0.0 0 256
1174 256 2.0 0 0.0 0 256
1176 256 2.0 0 0.0 0 256
1178 256 2.0 0 0.0 0 256
1180 256 2.0 0 0.0 0 256
1182 256 2.0 0 0.0 0 256
1184 256 2.0 0 0.0 0 256
1186 256 2.0 0 0.0 0 256
1188 256 2.0 0 0.0 0 256
1190 256 2.0 0 0.0 0 256
1192 256 2.0 0 0.0 0 256
1194 256 2.0 0 0.0 0 256
1196 256 2.0 0 0.0 0 256
1198 256 2.0 0 0.0 0 256
1200 256 2.0 0 0.0 0 256
1202 256 2.0 0 0.0 0 256
1204 256 2.0 0 0.0 0 256
1206 256 2.0 0 0.0 0 256
1208 256 2.0 0 0.0 0 256
1210 256 2.0 0 0.0 0 256
1212 256 2.0 0 0.0 0 256
1214 256 2.0 0 0.0 0 256
1216 256 2.0 0 0.0 0 256
1218 256 2.0 0 0.0 0 256
1220 256 2.0 0 0.0 0 256
1222 256 2.0 0 0.0 0 256
1224 256 2.0 0 0.0 0 256
1226 256 2.0 0 0.0 0 256
1228 256 2.0 0 0.0 0 256
1230 256 2.0 0 0.0 0 256
1232 256 2.0 0 0.0 0 256
1234 256 2.0 0 0.0 0 256
1236 256 2.0 0 0.0 0 256
1238 256 2.0 0 0.0 0 256
1240 256 2.0 0 0.0 0 256
1242 256 2.0 0 0.0 0 256
1244 256 2.0 0 0.0 0 256
1246 256 2.0 0 0.0 0 256
1248 256 2.0 0 0.0 0 256
1250 256 2.0 0 0.0 0 256
1252 256 2.0 0 0.0 0 256
1254 256 2.0 0 0.0 0 256
1256 256 2.0 0 0.0 0 256
1258 256 2.0 0 0.0 0 256
1260 256 2.0 0 0.0 0 256
1262 256 2.0 0 0.0 0 256
1264 256 2.0 0 0.0 0 256
1266 256 2.0 0 0.0 0 256
1268 256 2.0 0 0.0 0 256
1270 256 2.0 0 0.0 0 256
1272 256 2.0 0 0.0 0 256
1274 256 2.0 0 0.0 0 256
1276 256 2.0 0 0.0 0 256
1278 256 2.0 0 0.0 0 256
1280 256 2.0 0 0.0 0 256
1282 256 2.0 0 0.0 0 256
1284 256 2.0 0 0.0 0 256
1286 256 2.0 0 0.0 0 256
1288 256 2.0 0 0.0 0 256
1290 256 2.0 0 0.0 0 256
1292 256 2.0 0 0.0 0 256
1294 256 2.0 0 0.0 0 256
1296 256 2.0 0 0.0 0 256
1298 256 2.0 0 0.0 0 256
1300 256 2.0 0 0.0 0 256
1302 256 2.0 0 0.0 0 256
1304 256 2.0 0 0.0 0 256
1306 256 2.0 0 0.0 0 256
1308 256 2.0 0 0.0 0 256
1310 256 2.0 0 0.0 0 256
1312 256 2.0 0 0.0 0 256
1314 256 2.0 0 0.0 0 256
1316 256 2.0 0 0.0 0 256
1318 256 2.0 0 0.0 0 256
1320 256 2.0 0 0.0 0 256
1322 256 2.0 0 0.0 0 256
1324 256 2.0 0 0.0 0 256
1326 256 2.0 0 0.0 0 256
1328 256 2.0 0 0.0 0 256
1330 256 2.0 0 0.0 0 256
1332 256 2.0 0 0.0 0 256
1334 256 2.0 0 0.0 0 256
1336 256 2.0 0 0.0 0 256
1338 256 2.0 0 0.0 0 256
1340 256 2.0 0 0.0 0 256
1342 256 2.0 0 0.0 0 256
1344 256 2.0 0 0.0 0 256
1346 256 2.0 0 0.0 0 256
1348 256 2.0 0 0.0 0 256
1350 256 2.0 0 0.0 0 256
1352 256 2.0 0 0.0 0 256
1354 256 2.0 0 0.0 0 256
1356 256 2.0 0 0.0 0 256
1358 256 2.0 0 0.0 0 256
1360 256 2.0 0 0.0 0 256
1362 256 2.0 0 0.0 0 256
1364 256 2.0 0 0.0 0 256
1366 256 2.0 0 0.0 0 256
1368 256 2.0 0 0.0 0 256
1370 256 2.0 0 0.0 0 256
1372 256 2.0 0 0.0 0 256
1374 256 2.0 0 0.0 0 256
1376 256 2.0 0 0.0 0 256
1378 256 2.0 0 0.0 0 256
1380 256 2.0 0 0.0 0 256
1382 256 2.0 0 0.0 0 256
1384 256 2.0 0 0.0 0 256
1386 256 2.0 0 0.0 0 256
1388 256 2.0 0 0.0 0 256
1390 256 2.0 0 0.0 0 256
1392 256 2.0 0 0.0 0 256
1394 256 2.0 0 0.0 0 256
1396 256 2.0 0 0.0 0 256
1398 256 2.0 0 0.0 0 256
1400 256 2.0 0 0.0 0 256
1402 256 2.0 0 0.0 0 256
1404 256 2.0 0 0.0 0 256
1406 256 2.0 0 0.0 0 256
1408 256 2.0 0 0.0 0 256
1410 256 2.0 0 0.0 0 256
1412 256 2.0 0 0.0 0 256
1414 256 2.0 0 0.0 0 256
1416 256 2.0 0 0.0 0 256
1418 256 2.0 0 0.0 0 256
1420 256 2.0 0 0.0 0 256
1422 256 2.0 0 0.0 0 256
1424 256 2.0 0 0.0 0 256
1426 256 2.0 0 0.0 0 256
1428 256 2.0 0 0.0 0 256
1430 256 2.0 0 0.0 0 256
1432 256 2.0 0 0.0 0 256
1434 256 2.0 0 0.0 0 256
1436 256 2.0 0 0.0 0 256
1438 256 2.0 0 0.0 0 256
1440 256 2.0 0 0.0 0 256
