Time Custom..._Count Custom..._Conc Glycerol_Count Glycerol_Conc Custom..._Died bacteria_couldn't_eat
0 43 0.26 57811 2.76 0 0
2 43 0.26 57811 2.76 0 0
4 43 0.27 57791 2.76 0 0
6 43 0.27 57759 2.76 0 0
8 43 0.27 57729 2.76 0 0
10 43 0.28 57702 2.76 0 0
12 43 0.28 57665 2.75 0 0
14 43 0.28 57627 2.75 0 0
16 43 0.29 57596 2.75 0 0
18 43 0.29 57566 2.75 0 0
20 43 0.29 57534 2.75 0 0
22 43 0.3 57492 2.74 0 0
24 43 0.3 57447 2.74 0 0
26 43 0.3 57402 2.74 0 0
28 43 0.31 57355 2.74 0 0
30 43 0.31 57308 2.73 0 0
32 43 0.32 57263 2.73 0 0
34 43 0.32 57212 2.73 0 0
36 43 0.32 57158 2.73 0 0
38 43 0.33 57109 2.72 0 0
40 43 0.33 57064 2.72 0 0
42 43 0.34 57015 2.72 0 0
44 43 0.34 56964 2.72 0 0
46 43 0.34 56912 2.71 0 0
48 43 0.35 56861 2.71 0 0
50 43 0.35 56811 2.71 0 0
52 43 0.36 56759 2.71 0 0
54 43 0.36 56705 2.7 0 0
56 43 0.37 56658 2.7 0 0
58 43 0.37 56603 2.7 0 0
60 43 0.38 56546 2.69 0 0
62 43 0.38 56489 2.69 0 0
64 43 0.39 56435 2.69 0 0
66 43 0.39 56379 2.69 0 0
68 43 0.4 56322 2.68 0 0
70 43 0.4 56256 2.68 0 0
72 43 0.41 56195 2.68 0 0
74 43 0.41 56131 2.67 0 0
76 43 0.42 56067 2.67 0 0
78 43 0.42 55994 2.67 0 0
80 43 0.43 55933 2.66 0 0
82 43 0.43 55869 2.66 0 0
84 43 0.44 55800 2.66 0 0
86 43 0.44 55741 2.65 0 0
88 43 0.45 55665 2.65 0 0
90 43 0.45 55592 2.65 0 0
92 43 0.46 55522 2.64 0 0
94 43 0.46 55444 2.64 0 0
96 43 0.47 55372 2.64 0 0
98 43 0.48 55295 2.63 0 0
100 43 0.48 55217 2.63 0 0
102 43 0.49 55133 2.62 0 0
104 43 0.49 55063 2.62 0 0
106 43 0.5 54977 2.62 0 0
108 43 0.51 54895 2.61 0 0
110 43 0.51 54811 2.61 0 0
112 43 0.52 54723 2.6 0 0
114 86 0.53 54629 2.6 0 0
116 86 0.53 54559 2.6 0 0
118 86 0.54 54473 2.59 0 0
120 86 0.55 54387 2.59 0 0
122 86 0.55 54305 2.58 0 0
124 86 0.56 54213 2.58 0 0
126 86 0.57 54115 2.57 0 0
128 86 0.57 54012 2.57 0 0
130 86 0.58 53914 2.57 0 0
132 86 0.59 53817 2.56 0 0
134 86 0.6 53721 2.56 0 0
136 86 0.6 53618 2.55 0 0
138 86 0.61 53516 2.55 0 0
140 86 0.62 53418 2.54 0 0
142 86 0.63 53318 2.54 0 0
144 86 0.63 53205 2.53 0 0
146 86 0.64 53099 2.53 0 0
148 86 0.65 52990 2.52 0 0
150 86 0.66 52877 2.52 0 0
152 86 0.67 52777 2.51 0 0
154 86 0.68 52666 2.51 0 0
156 86 0.68 52565 2.5 0 0
158 86 0.69 52450 2.5 0 0
160 86 0.7 52336 2.49 0 0
162 86 0.71 52218 2.49 0 0
164 86 0.72 52102 2.48 0 0
166 86 0.73 51976 2.47 0 0
168 86 0.74 51855 2.47 0 0
170 86 0.75 51739 2.46 0 0
172 86 0.76 51611 2.46 0 0
174 86 0.76 51492 2.45 0 0
176 86 0.77 51367 2.45 0 0
178 86 0.78 51235 2.44 0 0
180 86 0.79 51108 2.43 0 0
182 86 0.8 50981 2.43 0 0
184 86 0.81 50850 2.42 0 0
186 86 0.82 50722 2.41 0 0
188 86 0.83 50594 2.41 0 0
190 86 0.85 50458 2.4 0 0
192 86 0.86 50325 2.4 0 0
194 86 0.87 50187 2.39 0 0
196 86 0.88 50047 2.38 0 0
198 86 0.89 49903 2.37 0 0
200 86 0.9 49759 2.37 0 0
202 86 0.91 49613 2.36 0 0
204 86 0.92 49463 2.35 0 0
206 86 0.93 49314 2.35 0 0
208 86 0.95 49166 2.34 0 0
210 86 0.96 49010 2.33 0 0
212 86 0.97 48857 2.32 0 0
214 86 0.98 48695 2.32 0 0
216 86 0.99 48535 2.31 0 0
218 86 1.01 48374 2.3 0 0
220 86 1.02 48205 2.29 0 0
222 86 1.03 48041 2.29 0 0
224 86 1.04 47863 2.28 0 0
226 172 1.06 47687 2.27 0 0
228 172 1.07 47513 2.26 0 0
230 172 1.08 47341 2.25 0 0
232 172 1.1 47172 2.24 0 0
234 172 1.11 47002 2.24 0 0
236 172 1.13 46826 2.23 0 0
238 172 1.14 46640 2.22 0 0
240 172 1.15 46458 2.21 0 0
242 172 1.17 46268 2.2 0 0
244 172 1.18 46081 2.19 0 0
246 172 1.2 45876 2.18 0 0
248 172 1.21 45674 2.17 0 0
250 172 1.23 45475 2.16 0 0
252 172 1.24 45277 2.15 0 0
254 172 1.26 45064 2.14 0 0
256 172 1.27 44870 2.13 0 0
258 172 1.29 44659 2.12 0 0
260 172 1.31 44456 2.11 0 0
262 172 1.32 44242 2.1 0 0
264 172 1.34 44021 2.09 0 0
266 172 1.36 43801 2.08 0 0
268 172 1.37 43595 2.07 0 0
270 172 1.39 43373 2.06 0 0
272 172 1.41 43144 2.05 0 0
274 172 1.43 42917 2.04 0 0
276 172 1.44 42675 2.03 0 0
278 172 1.46 42449 2.02 0 0
280 172 1.48 42199 2.01 0 0
282 172 1.5 41959 1.99 0 0
284 172 1.52 41719 1.98 0 0
286 172 1.54 41467 1.97 0 0
288 172 1.56 41219 1.96 0 0
290 172 1.58 40978 1.95 0 0
292 172 1.59 40720 1.93 0 0
294 172 1.61 40470 1.92 0 0
296 172 1.64 40214 1.91 0 0
298 172 1.66 39953 1.9 0 0
300 172 1.68 39683 1.88 0 0
302 172 1.7 39421 1.87 0 0
304 172 1.72 39144 1.86 0 0
306 172 1.74 38871 1.84 0 0
308 172 1.76 38597 1.83 0 0
310 172 1.78 38307 1.82 0 0
312 172 1.81 38010 1.8 0 0
314 172 1.83 37712 1.79 0 0
316 172 1.85 37421 1.77 0 0
318 172 1.88 37120 1.76 0 0
320 172 1.9 36819 1.75 0 0
322 172 1.92 36513 1.73 0 0
324 172 1.95 36189 1.72 0 0
326 172 1.97 35868 1.7 0 0
328 172 2.0 35539 1.69 0 0
330 172 2.02 35212 1.67 0 0
332 172 2.05 34879 1.65 0 0
334 172 2.07 34530 1.64 0 0
336 344 2.1 34186 1.62 0 0
338 344 2.12 33848 1.61 0 0
340 344 2.15 33518 1.59 0 0
342 344 2.18 33177 1.57 0 0
344 344 2.21 32822 1.55 0 0
346 344 2.23 32462 1.54 0 0
348 344 2.26 32094 1.52 0 0
350 344 2.29 31733 1.5 0 0
352 344 2.32 31365 1.48 0 0
354 344 2.35 30973 1.47 0 0
356 344 2.38 30588 1.45 0 0
358 344 2.41 30189 1.43 0 0
360 344 2.44 29790 1.41 0 0
362 344 2.47 29390 1.39 0 0
364 344 2.5 28983 1.37 0 0
366 344 2.53 28573 1.35 0 0
368 344 2.56 28147 1.33 0 0
370 344 2.59 27728 1.31 0 0
372 344 2.63 27300 1.29 0 0
374 344 2.66 26879 1.27 0 0
376 344 2.69 26441 1.25 0 0
378 344 2.73 26009 1.23 0 0
380 344 2.76 25554 1.21 0 0
382 344 2.79 25105 1.19 0 0
384 344 2.83 24666 1.17 0 0
386 344 2.86 24198 1.14 0 0
388 344 2.9 23723 1.12 0 0
390 344 2.94 23248 1.1 0 0
392 344 2.97 22769 1.08 0 0
394 344 3.01 22282 1.05 0 0
396 344 3.05 21784 1.03 0 0
398 344 3.09 21276 1.01 0 0
400 344 3.13 20776 0.98 0 0
402 344 3.16 20277 0.96 0 0
404 344 3.2 19762 0.93 0 0
406 344 3.24 19231 0.91 0 0
408 344 3.28 18702 0.88 0 0
410 344 3.33 18188 0.86 0 0
412 344 3.37 17653 0.83 0 0
414 344 3.41 17088 0.8 0 0
416 344 3.45 16534 0.78 0 0
418 344 3.5 15977 0.75 0 0
420 344 3.54 15426 0.72 0 0
422 344 3.58 14846 0.7 0 0
424 344 3.63 14258 0.67 0 0
426 344 3.67 13652 0.64 0 0
428 344 3.72 13050 0.61 0 0
430 344 3.77 12459 0.58 0 0
432 344 3.81 11841 0.55 0 0
434 344 3.86 11233 0.52 0 0
436 344 3.91 10613 0.49 0 0
438 344 3.96 9963 0.46 0 0
440 344 4.01 9329 0.43 0 0
442 344 4.06 8699 0.4 0 0
444 344 4.11 8043 0.37 0 0
446 344 4.16 7377 0.34 0 0
448 686 4.21 6697 0.3 0 2
450 688 4.27 6023 0.27 0 0
452 688 4.32 5315 0.24 0 0
454 688 4.37 4600 0.2 0 1
456 688 4.43 3892 0.17 0 13
458 688 4.48 3164 0.14 0 20
460 688 4.53 2447 0.1 0 36
462 688 4.58 1793 0.07 0 80
464 688 4.62 1210 0.05 0 179
466 688 4.65 779 0.03 0 285
468 688 4.67 454 0.02 0 382
470 688 4.69 215 0.01 0 470
472 688 4.7 66 0.0 0 561
474 688 4.7 11 0.0 0 633
476 688 4.7 1 0.0 0 678
478 688 4.7 0 0.0 0 687
480 688 4.7 0 0.0 0 688
482 688 4.7 0 0.0 0 688
484 688 4.7 0 0.0 0 688
486 688 4.7 0 0.0 0 688
488 688 4.7 0 0.0 0 688
490 688 4.7 0 0.0 0 688
492 688 4.7 0 0.0 0 688
494 688 4.7 0 0.0 0 688
496 688 4.7 0 0.0 0 688
498 688 4.7 0 0.0 0 688
500 688 4.7 0 0.0 0 688
502 688 4.7 0 0.0 0 688
504 688 4.7 0 0.0 0 688
506 688 4.7 0 0.0 0 688
508 688 4.7 0 0.0 0 688
510 688 4.7 0 0.0 0 688
512 688 4.7 0 0.0 0 688
514 688 4.7 0 0.0 0 688
516 688 4.7 0 0.0 0 688
518 688 4.7 0 0.0 0 688
520 688 4.7 0 0.0 0 688
522 688 4.7 0 0.0 0 688
524 688 4.7 0 0.0 0 688
526 688 4.7 0 0.0 0 688
528 688 4.7 0 0.0 0 688
530 688 4.7 0 0.0 0 688
532 688 4.7 0 0.0 0 688
534 688 4.7 0 0.0 0 688
536 688 4.7 0 0.0 0 688
538 688 4.7 0 0.0 0 688
540 688 4.7 0 0.0 0 688
542 688 4.7 0 0.0 0 688
544 688 4.7 0 0.0 0 688
546 688 4.7 0 0.0 0 688
548 688 4.7 0 0.0 0 688
550 688 4.7 0 0.0 0 688
552 688 4.7 0 0.0 0 688
554 688 4.7 0 0.0 0 688
556 688 4.7 0 0.0 0 688
558 688 4.7 0 0.0 0 688
560 688 4.7 0 0.0 0 688
562 688 4.7 0 0.0 0 688
564 688 4.7 0 0.0 0 688
566 688 4.7 0 0.0 0 688
568 688 4.7 0 0.0 0 688
570 688 4.7 0 0.0 0 688
572 688 4.7 0 0.0 0 688
574 688 4.7 0 0.0 0 688
576 688 4.7 0 0.0 0 688
578 688 4.7 0 0.0 0 688
580 688 4.7 0 0.0 0 688
582 688 4.7 0 0.0 0 688
584 688 4.7 0 0.0 0 688
586 688 4.7 0 0.0 0 688
588 688 4.7 0 0.0 0 688
590 688 4.7 0 0.0 0 688
592 688 4.7 0 0.0 0 688
594 688 4.7 0 0.0 0 688
596 688 4.7 0 0.0 0 688
598 688 4.7 0 0.0 0 688
600 688 4.7 0 0.0 0 688
602 688 4.7 0 0.0 0 688
604 688 4.7 0 0.0 0 688
606 688 4.7 0 0.0 0 688
608 688 4.7 0 0.0 0 688
610 688 4.7 0 0.0 0 688
612 688 4.7 0 0.0 0 688
614 688 4.7 0 0.0 0 688
616 688 4.7 0 0.0 0 688
618 688 4.7 0 0.0 0 688
620 688 4.7 0 0.0 0 688
622 688 4.7 0 0.0 0 688
624 688 4.7 0 0.0 0 688
626 688 4.7 0 0.0 0 688
628 688 4.7 0 0.0 0 688
630 688 4.7 0 0.0 0 688
632 688 4.7 0 0.0 0 688
634 688 4.7 0 0.0 0 688
636 688 4.7 0 0.0 0 688
638 688 4.7 0 0.0 0 688
640 688 4.7 0 0.0 0 688
642 688 4.7 0 0.0 0 688
644 688 4.7 0 0.0 0 688
646 688 4.7 0 0.0 0 688
648 688 4.7 0 0.0 0 688
650 688 4.7 0 0.0 0 688
652 688 4.7 0 0.0 0 688
654 688 4.7 0 0.0 0 688
656 688 4.7 0 0.0 0 688
658 688 4.7 0 0.0 0 688
660 688 4.7 0 0.0 0 688
662 688 4.7 0 0.0 0 688
664 688 4.7 0 0.0 0 688
666 688 4.7 0 0.0 0 688
668 688 4.7 0 0.0 0 688
670 688 4.7 0 0.0 0 688
672 688 4.7 0 0.0 0 688
674 688 4.7 0 0.0 0 688
676 688 4.7 0 0.0 0 688
678 688 4.7 0 0.0 0 688
680 688 4.7 0 0.0 0 688
682 688 4.7 0 0.0 0 688
684 688 4.7 0 0.0 0 688
686 688 4.7 0 0.0 0 688
688 688 4.7 0 0.0 0 688
690 688 4.7 0 0.0 0 688
692 688 4.7 0 0.0 0 688
694 688 4.7 0 0.0 0 688
696 688 4.7 0 0.0 0 688
698 688 4.7 0 0.0 0 688
700 688 4.7 0 0.0 0 688
702 688 4.7 0 0.0 0 688
704 688 4.7 0 0.0 0 688
706 688 4.7 0 0.0 0 688
708 688 4.7 0 0.0 0 688
710 688 4.7 0 0.0 0 688
712 688 4.7 0 0.0 0 688
714 688 4.7 0 0.0 0 688
716 688 4.7 0 0.0 0 688
718 688 4.7 0 0.0 0 688
720 688 4.7 0 0.0 0 688
722 688 4.7 0 0.0 0 688
724 688 4.7 0 0.0 0 688
726 688 4.7 0 0.0 0 688
728 688 4.7 0 0.0 0 688
730 688 4.7 0 0.0 0 688
732 688 4.7 0 0.0 0 688
734 688 4.7 0 0.0 0 688
736 688 4.7 0 0.0 0 688
738 688 4.7 0 0.0 0 688
740 688 4.7 0 0.0 0 688
742 688 4.7 0 0.0 0 688
744 688 4.7 0 0.0 0 688
746 688 4.7 0 0.0 0 688
748 688 4.7 0 0.0 0 688
750 688 4.7 0 0.0 0 688
752 688 4.7 0 0.0 0 688
754 688 4.7 0 0.0 0 688
756 688 4.7 0 0.0 0 688
758 688 4.7 0 0.0 0 688
760 688 4.7 0 0.0 0 688
762 688 4.7 0 0.0 0 688
764 688 4.7 0 0.0 0 688
766 688 4.7 0 0.0 0 688
768 688 4.7 0 0.0 0 688
770 688 4.7 0 0.0 0 688
772 688 4.7 0 0.0 0 688
774 688 4.7 0 0.0 0 688
776 688 4.7 0 0.0 0 688
778 688 4.7 0 0.0 0 688
780 688 4.7 0 0.0 0 688
782 688 4.7 0 0.0 0 688
784 688 4.7 0 0.0 0 688
786 688 4.7 0 0.0 0 688
788 688 4.7 0 0.0 0 688
790 688 4.7 0 0.0 0 688
792 688 4.7 0 0.0 0 688
794 688 4.7 0 0.0 0 688
796 688 4.7 0 0.0 0 688
798 688 4.7 0 0.0 0 688
800 688 4.7 0 0.0 0 688
802 688 4.7 0 0.0 0 688
804 688 4.7 0 0.0 0 688
806 688 4.7 0 0.0 0 688
808 688 4.7 0 0.0 0 688
810 688 4.7 0 0.0 0 688
812 688 4.7 0 0.0 0 688
814 688 4.7 0 0.0 0 688
816 688 4.7 0 0.0 0 688
818 688 4.7 0 0.0 0 688
820 688 4.7 0 0.0 0 688
822 688 4.7 0 0.0 0 688
824 688 4.7 0 0.0 0 688
826 688 4.7 0 0.0 0 688
828 688 4.7 0 0.0 0 688
830 688 4.7 0 0.0 0 688
832 688 4.7 0 0.0 0 688
834 688 4.7 0 0.0 0 688
836 688 4.7 0 0.0 0 688
838 688 4.7 0 0.0 0 688
840 688 4.7 0 0.0 0 688
842 688 4.7 0 0.0 0 688
844 688 4.7 0 0.0 0 688
846 688 4.7 0 0.0 0 688
848 688 4.7 0 0.0 0 688
850 688 4.7 0 0.0 0 688
852 688 4.7 0 0.0 0 688
854 688 4.7 0 0.0 0 688
856 688 4.7 0 0.0 0 688
858 688 4.7 0 0.0 0 688
860 688 4.7 0 0.0 0 688
862 688 4.7 0 0.0 0 688
864 688 4.7 0 0.0 0 688
866 688 4.7 0 0.0 0 688
868 688 4.7 0 0.0 0 688
870 688 4.7 0 0.0 0 688
872 688 4.7 0 0.0 0 688
874 688 4.7 0 0.0 0 688
876 688 4.7 0 0.0 0 688
878 688 4.7 0 0.0 0 688
880 688 4.7 0 0.0 0 688
882 688 4.7 0 0.0 0 688
884 688 4.7 0 0.0 0 688
886 688 4.7 0 0.0 0 688
888 688 4.7 0 0.0 0 688
890 688 4.7 0 0.0 0 688
892 688 4.7 0 0.0 0 688
894 688 4.7 0 0.0 0 688
896 688 4.7 0 0.0 0 688
898 688 4.7 0 0.0 0 688
900 688 4.7 0 0.0 0 688
902 688 4.7 0 0.0 0 688
904 688 4.7 0 0.0 0 688
906 688 4.7 0 0.0 0 688
908 688 4.7 0 0.0 0 688
910 688 4.7 0 0.0 0 688
912 688 4.7 0 0.0 0 688
914 688 4.7 0 0.0 0 688
916 688 4.7 0 0.0 0 688
918 688 4.7 0 0.0 0 688
920 688 4.7 0 0.0 0 688
922 688 4.7 0 0.0 0 688
924 688 4.7 0 0.0 0 688
926 688 4.7 0 0.0 0 688
928 688 4.7 0 0.0 0 688
930 688 4.7 0 0.0 0 688
932 688 4.7 0 0.0 0 688
934 688 4.7 0 0.0 0 688
936 688 4.7 0 0.0 0 688
938 688 4.7 0 0.0 0 688
940 688 4.7 0 0.0 0 688
942 688 4.7 0 0.0 0 688
944 688 4.7 0 0.0 0 688
946 688 4.7 0 0.0 0 688
948 688 4.7 0 0.0 0 688
950 688 4.7 0 0.0 0 688
952 688 4.7 0 0.0 0 688
954 688 4.7 0 0.0 0 688
956 688 4.7 0 0.0 0 688
958 688 4.7 0 0.0 0 688
960 688 4.7 0 0.0 0 688
962 688 4.7 0 0.0 0 688
964 688 4.7 0 0.0 0 688
966 688 4.7 0 0.0 0 688
968 688 4.7 0 0.0 0 688
970 688 4.7 0 0.0 0 688
972 688 4.7 0 0.0 0 688
974 688 4.7 0 0.0 0 688
976 688 4.7 0 0.0 0 688
978 688 4.7 0 0.0 0 688
980 688 4.7 0 0.0 0 688
982 688 4.7 0 0.0 0 688
984 688 4.7 0 0.0 0 688
986 688 4.7 0 0.0 0 688
988 688 4.7 0 0.0 0 688
990 688 4.7 0 0.0 0 688
992 688 4.7 0 0.0 0 688
994 688 4.7 0 0.0 0 688
996 688 4.7 0 0.0 0 688
998 688 4.7 0 0.0 0 688
1000 688 4.7 0 0.0 0 688
1002 688 4.7 0 0.0 0 688
1004 688 4.7 0 0.0 0 688
1006 688 4.7 0 0.0 0 688
1008 688 4.7 0 0.0 0 688
1010 688 4.7 0 0.0 0 688
1012 688 4.7 0 0.0 0 688
1014 688 4.7 0 0.0 0 688
1016 688 4.7 0 0.0 0 688
1018 688 4.7 0 0.0 0 688
1020 688 4.7 0 0.0 0 688
1022 688 4.7 0 0.0 0 688
1024 688 4.7 0 0.0 0 688
1026 688 4.7 0 0.0 0 688
1028 688 4.7 0 0.0 0 688
1030 688 4.7 0 0.0 0 688
1032 688 4.7 0 0.0 0 688
1034 688 4.7 0 0.0 0 688
1036 688 4.7 0 0.0 0 688
1038 688 4.7 0 0.0 0 688
1040 688 4.7 0 0.0 0 688
1042 688 4.7 0 0.0 0 688
1044 688 4.7 0 0.0 0 688
1046 688 4.7 0 0.0 0 688
1048 688 4.7 0 0.0 0 688
1050 688 4.7 0 0.0 0 688
1052 688 4.7 0 0.0 0 688
1054 688 4.7 0 0.0 0 688
1056 688 4.7 0 0.0 0 688
1058 688 4.7 0 0.0 0 688
1060 688 4.7 0 0.0 0 688
1062 688 4.7 0 0.0 0 688
1064 688 4.7 0 0.0 0 688
1066 688 4.7 0 0.0 0 688
1068 688 4.7 0 0.0 0 688
1070 688 4.7 0 0.0 0 688
1072 688 4.7 0 0.0 0 688
1074 688 4.7 0 0.0 0 688
1076 688 4.7 0 0.0 0 688
1078 688 4.7 0 0.0 0 688
1080 688 4.7 0 0.0 0 688
1082 688 4.7 0 0.0 0 688
1084 688 4.7 0 0.0 0 688
1086 688 4.7 0 0.0 0 688
1088 688 4.7 0 0.0 0 688
1090 688 4.7 0 0.0 0 688
1092 688 4.7 0 0.0 0 688
1094 688 4.7 0 0.0 0 688
1096 688 4.7 0 0.0 0 688
1098 688 4.7 0 0.0 0 688
1100 688 4.7 0 0.0 0 688
1102 688 4.7 0 0.0 0 688
1104 688 4.7 0 0.0 0 688
1106 688 4.7 0 0.0 0 688
1108 688 4.7 0 0.0 0 688
1110 688 4.7 0 0.0 0 688
1112 688 4.7 0 0.0 0 688
1114 688 4.7 0 0.0 0 688
1116 688 4.7 0 0.0 0 688
1118 688 4.7 0 0.0 0 688
1120 688 4.7 0 0.0 0 688
1122 688 4.7 0 0.0 0 688
1124 688 4.7 0 0.0 0 688
1126 688 4.7 0 0.0 0 688
1128 688 4.7 0 0.0 0 688
1130 688 4.7 0 0.0 0 688
1132 688 4.7 0 0.0 0 688
1134 688 4.7 0 0.0 0 688
1136 688 4.7 0 0.0 0 688
1138 688 4.7 0 0.0 0 688
1140 688 4.7 0 0.0 0 688
1142 688 4.7 0 0.0 0 688
1144 688 4.7 0 0.0 0 688
1146 688 4.7 0 0.0 0 688
1148 688 4.7 0 0.0 0 688
1150 688 4.7 0 0.0 0 688
1152 688 4.7 0 0.0 0 688
1154 688 4.7 0 0.0 0 688
1156 688 4.7 0 0.0 0 688
1158 688 4.7 0 0.0 0 688
1160 688 4.7 0 0.0 0 688
1162 688 4.7 0 0.0 0 688
1164 688 4.7 0 0.0 0 688
1166 688 4.7 0 0.0 0 688
1168 688 4.7 0 0.0 0 688
1170 688 4.7 0 0.0 0 688
1172 688 4.7 0 0.0 0 688
1174 688 4.7 0 0.0 0 688
1176 688 4.7 0 0.0 0 688
1178 688 4.7 0 0.0 0 688
1180 688 4.7 0 0.0 0 688
1182 688 4.7 0 0.0 0 688
1184 688 4.7 0 0.0 0 688
1186 688 4.7 0 0.0 0 688
1188 688 4.7 0 0.0 0 688
1190 688 4.7 0 0.0 0 688
1192 688 4.7 0 0.0 0 688
1194 688 4.7 0 0.0 0 688
1196 688 4.7 0 0.0 0 688
1198 688 4.7 0 0.0 0 688
1200 688 4.7 0 0.0 0 688
1202 688 4.7 0 0.0 0 688
1204 688 4.7 0 0.0 0 688
1206 688 4.7 0 0.0 0 688
1208 688 4.7 0 0.0 0 688
1210 688 4.7 0 0.0 0 688
1212 688 4.7 0 0.0 0 688
1214 688 4.7 0 0.0 0 688
1216 688 4.7 0 0.0 0 688
1218 688 4.7 0 0.0 0 688
1220 688 4.7 0 0.0 0 688
1222 688 4.7 0 0.0 0 688
1224 688 4.7 0 0.0 0 688
1226 688 4.7 0 0.0 0 688
1228 688 4.7 0 0.0 0 688
1230 688 4.7 0 0.0 0 688
1232 688 4.7 0 0.0 0 688
1234 688 4.7 0 0.0 0 688
1236 688 4.7 0 0.0 0 688
1238 688 4.7 0 0.0 0 688
1240 688 4.7 0 0.0 0 688
1242 688 4.7 0 0.0 0 688
1244 688 4.7 0 0.0 0 688
1246 688 4.7 0 0.0 0 688
1248 688 4.7 0 0.0 0 688
1250 688 4.7 0 0.0 0 688
1252 688 4.7 0 0.0 0 688
1254 688 4.7 0 0.0 0 688
1256 688 4.7 0 0.0 0 688
1258 688 4.7 0 0.0 0 688
1260 688 4.7 0 0.0 0 688
1262 688 4.7 0 0.0 0 688
1264 688 4.7 0 0.0 0 688
1266 688 4.7 0 0.0 0 688
1268 688 4.7 0 0.0 0 688
1270 688 4.7 0 0.0 0 688
1272 688 4.7 0 0.0 0 688
1274 688 4.7 0 0.0 0 688
1276 688 4.7 0 0.0 0 688
1278 688 4.7 0 0.0 0 688
1280 688 4.7 0 0.0 0 688
1282 688 4.7 0 0.0 0 688
1284 688 4.7 0 0.0 0 688
1286 688 4.7 0 0.0 0 688
1288 688 4.7 0 0.0 0 688
1290 688 4.7 0 0.0 0 688
1292 688 4.7 0 0.0 0 688
1294 688 4.7 0 0.0 0 688
1296 688 4.7 0 0.0 0 688
1298 688 4.7 0 0.0 0 688
1300 688 4.7 0 0.0 0 688
1302 688 4.7 0 0.0 0 688
1304 688 4.7 0 0.0 0 688
1306 688 4.7 0 0.0 0 688
1308 688 4.7 0 0.0 0 688
1310 688 4.7 0 0.0 0 688
1312 688 4.7 0 0.0 0 688
1314 688 4.7 0 0.0 0 688
1316 688 4.7 0 0.0 0 688
1318 688 4.7 0 0.0 0 688
1320 688 4.7 0 0.0 0 688
1322 688 4.7 0 0.0 0 688
1324 688 4.7 0 0.0 0 688
1326 688 4.7 0 0.0 0 688
1328 688 4.7 0 0.0 0 688
1330 688 4.7 0 0.0 0 688
1332 688 4.7 0 0.0 0 688
1334 688 4.7 0 0.0 0 688
1336 688 4.7 0 0.0 0 688
1338 688 4.7 0 0.0 0 688
1340 688 4.7 0 0.0 0 688
1342 688 4.7 0 0.0 0 688
1344 688 4.7 0 0.0 0 688
1346 688 4.7 0 0.0 0 688
1348 688 4.7 0 0.0 0 688
1350 688 4.7 0 0.0 0 688
1352 688 4.7 0 0.0 0 688
1354 688 4.7 0 0.0 0 688
1356 688 4.7 0 0.0 0 688
1358 688 4.7 0 0.0 0 688
1360 688 4.7 0 0.0 0 688
1362 688 4.7 0 0.0 0 688
1364 688 4.7 0 0.0 0 688
1366 688 4.7 0 0.0 0 688
1368 688 4.7 0 0.0 0 688
1370 688 4.7 0 0.0 0 688
1372 688 4.7 0 0.0 0 688
1374 688 4.7 0 0.0 0 688
1376 688 4.7 0 0.0 0 688
1378 688 4.7 0 0.0 0 688
1380 688 4.7 0 0.0 0 688
1382 688 4.7 0 0.0 0 688
1384 688 4.7 0 0.0 0 688
1386 688 4.7 0 0.0 0 688
1388 688 4.7 0 0.0 0 688
1390 688 4.7 0 0.0 0 688
1392 688 4.7 0 0.0 0 688
1394 688 4.7 0 0.0 0 688
1396 688 4.7 0 0.0 0 688
1398 688 4.7 0 0.0 0 688
1400 688 4.7 0 0.0 0 688
1402 688 4.7 0 0.0 0 688
1404 688 4.7 0 0.0 0 688
1406 688 4.7 0 0.0 0 688
1408 688 4.7 0 0.0 0 688
1410 688 4.7 0 0.0 0 688
1412 688 4.7 0 0.0 0 688
1414 688 4.7 0 0.0 0 688
1416 688 4.7 0 0.0 0 688
1418 688 4.7 0 0.0 0 688
1420 688 4.7 0 0.0 0 688
1422 688 4.7 0 0.0 0 688
1424 688 4.7 0 0.0 0 688
1426 688 4.7 0 0.0 0 688
1428 688 4.7 0 0.0 0 688
1430 688 4.7 0 0.0 0 688
1432 688 4.7 0 0.0 0 688
1434 688 4.7 0 0.0 0 688
1436 688 4.7 0 0.0 0 688
1438 688 4.7 0 0.0 0 688
1440 688 4.7 0 0.0 0 688
