Time PAO1_Count PAO1_Conc Glycerol_Count Glycerol_Conc PAO1_Died bacteria_couldn't_eat
0 43 0.26 57811 2.76 0 0
2 43 0.26 57811 2.76 0 0
4 43 0.27 57767 2.75 0 0
6 43 0.27 57725 2.75 0 0
8 43 0.27 57680 2.75 0 0
10 43 0.28 57636 2.75 0 0
12 43 0.28 57590 2.74 0 0
14 43 0.28 57540 2.74 0 0
16 43 0.29 57494 2.74 0 0
18 43 0.29 57445 2.73 0 0
20 43 0.29 57393 2.73 0 0
22 43 0.3 57340 2.73 0 0
24 43 0.3 57281 2.72 0 0
26 43 0.3 57224 2.72 0 0
28 43 0.31 57162 2.72 0 0
30 43 0.31 57107 2.71 0 0
32 43 0.32 57047 2.71 0 0
34 43 0.32 56983 2.71 0 0
36 43 0.32 56913 2.7 0 0
38 43 0.33 56855 2.7 0 0
40 43 0.33 56789 2.7 0 0
42 43 0.34 56724 2.69 0 0
44 43 0.34 56660 2.69 0 0
46 43 0.34 56579 2.69 0 0
48 43 0.35 56504 2.68 0 0
50 43 0.35 56434 2.68 0 0
52 43 0.36 56353 2.68 0 0
54 43 0.36 56280 2.67 0 0
56 43 0.37 56203 2.67 0 0
58 43 0.37 56133 2.66 0 0
60 43 0.37 56052 2.66 0 0
62 43 0.38 55969 2.66 0 0
64 43 0.38 55878 2.65 0 0
66 43 0.39 55795 2.65 0 0
68 43 0.39 55714 2.64 0 0
70 43 0.4 55628 2.64 0 0
72 43 0.4 55528 2.64 0 0
74 43 0.41 55439 2.63 0 0
76 43 0.41 55348 2.63 0 0
78 43 0.42 55254 2.62 0 0
80 43 0.42 55156 2.62 0 0
82 43 0.43 55050 2.61 0 0
84 43 0.43 54952 2.61 0 0
86 43 0.44 54854 2.6 0 0
88 43 0.45 54759 2.6 0 0
90 43 0.45 54658 2.59 0 0
92 43 0.46 54550 2.59 0 0
94 43 0.46 54447 2.58 0 0
96 43 0.47 54341 2.58 0 0
98 43 0.47 54228 2.57 0 0
100 43 0.48 54121 2.57 0 0
102 43 0.49 54017 2.56 0 0
104 43 0.49 53911 2.56 0 0
106 43 0.5 53796 2.55 0 0
108 43 0.5 53688 2.55 0 0
110 43 0.51 53574 2.54 0 0
112 43 0.52 53456 2.54 0 0
114 43 0.52 53345 2.53 0 0
116 86 0.53 53227 2.53 0 0
118 86 0.54 53112 2.52 0 0
120 86 0.54 52991 2.52 0 0
122 86 0.55 52875 2.51 0 0
124 86 0.56 52752 2.5 0 0
126 86 0.56 52625 2.5 0 0
128 86 0.57 52505 2.49 0 0
130 86 0.58 52380 2.49 0 0
132 86 0.58 52247 2.48 0 0
134 86 0.59 52118 2.47 0 0
136 86 0.6 51989 2.47 0 0
138 86 0.61 51854 2.46 0 0
140 86 0.61 51723 2.45 0 0
142 86 0.62 51591 2.45 0 0
144 86 0.63 51450 2.44 0 0
146 86 0.64 51308 2.43 0 0
148 86 0.64 51168 2.43 0 0
150 86 0.65 51019 2.42 0 0
152 86 0.66 50876 2.41 0 0
154 86 0.67 50716 2.41 0 0
156 86 0.68 50564 2.4 0 0
158 86 0.69 50421 2.39 0 0
160 86 0.69 50276 2.38 0 0
162 86 0.7 50127 2.38 0 0
164 86 0.71 49967 2.37 0 0
166 86 0.72 49814 2.36 0 0
168 86 0.73 49651 2.35 0 0
170 86 0.74 49484 2.35 0 0
172 86 0.75 49319 2.34 0 0
174 86 0.76 49158 2.33 0 0
176 86 0.77 48989 2.32 0 0
178 86 0.78 48821 2.31 0 0
180 86 0.78 48641 2.31 0 0
182 86 0.79 48459 2.3 0 0
184 86 0.8 48274 2.29 0 0
186 86 0.81 48084 2.28 0 0
188 86 0.82 47902 2.27 0 0
190 86 0.83 47709 2.26 0 0
192 86 0.84 47522 2.25 0 0
194 86 0.86 47332 2.25 0 0
196 86 0.87 47135 2.24 0 0
198 86 0.88 46927 2.23 0 0
200 86 0.89 46737 2.22 0 0
202 86 0.9 46547 2.21 0 0
204 86 0.91 46345 2.2 0 0
206 86 0.92 46148 2.19 0 0
208 86 0.93 45953 2.18 0 0
210 86 0.94 45741 2.17 0 0
212 86 0.96 45538 2.16 0 0
214 86 0.97 45321 2.15 0 0
216 86 0.98 45094 2.14 0 0
218 86 0.99 44870 2.13 0 0
220 86 1.0 44654 2.12 0 0
222 86 1.02 44429 2.11 0 0
224 86 1.03 44194 2.1 0 0
226 86 1.04 43964 2.08 0 0
228 172 1.05 43731 2.07 0 0
230 172 1.07 43490 2.06 0 0
232 172 1.08 43256 2.05 0 0
234 172 1.09 43008 2.04 0 0
236 172 1.11 42762 2.03 0 0
238 172 1.12 42520 2.02 0 0
240 172 1.14 42272 2.0 0 0
242 172 1.15 42017 1.99 0 0
244 172 1.16 41760 1.98 0 0
246 172 1.18 41502 1.97 0 0
248 172 1.19 41247 1.95 0 0
250 172 1.21 40983 1.94 0 0
252 172 1.22 40714 1.93 0 0
254 172 1.24 40438 1.91 0 0
256 172 1.25 40147 1.9 0 0
258 172 1.27 39866 1.89 0 0
260 172 1.28 39584 1.87 0 0
262 172 1.3 39294 1.86 0 0
264 172 1.32 39013 1.85 0 0
266 172 1.33 38720 1.83 0 0
268 172 1.35 38423 1.82 0 0
270 172 1.37 38120 1.8 0 0
272 172 1.38 37830 1.79 0 0
274 172 1.4 37498 1.77 0 0
276 172 1.42 37175 1.76 0 0
278 172 1.44 36860 1.74 0 0
280 172 1.45 36540 1.73 0 0
282 172 1.47 36212 1.71 0 0
284 172 1.49 35881 1.7 0 0
286 172 1.51 35541 1.68 0 0
288 172 1.53 35209 1.67 0 0
290 172 1.55 34867 1.65 0 0
292 172 1.56 34513 1.63 0 0
294 172 1.58 34157 1.62 0 0
296 172 1.6 33804 1.6 0 0
298 172 1.62 33437 1.58 0 0
300 172 1.64 33072 1.56 0 0
302 172 1.66 32702 1.55 0 0
304 172 1.68 32322 1.53 0 0
306 172 1.71 31938 1.51 0 0
308 172 1.73 31554 1.49 0 0
310 172 1.75 31159 1.47 0 0
312 172 1.77 30767 1.46 0 0
314 172 1.79 30369 1.44 0 0
316 172 1.81 29977 1.42 0 0
318 172 1.84 29563 1.4 0 0
320 172 1.86 29148 1.38 0 0
322 172 1.88 28732 1.36 0 0
324 172 1.91 28303 1.34 0 0
326 172 1.93 27882 1.32 0 0
328 172 1.95 27454 1.3 0 0
330 172 1.98 27026 1.28 0 0
332 172 2.0 26581 1.26 0 0
334 172 2.03 26130 1.23 0 0
336 172 2.05 25665 1.21 0 0
338 172 2.08 25221 1.19 0 0
340 344 2.1 24762 1.17 0 0
342 344 2.13 24293 1.15 0 0
344 344 2.16 23823 1.12 0 0
346 344 2.18 23353 1.1 0 0
348 344 2.21 22872 1.08 0 0
350 344 2.24 22382 1.05 0 0
352 344 2.26 21870 1.03 0 0
354 344 2.29 21358 1.0 0 0
356 344 2.32 20853 0.98 0 0
358 344 2.35 20333 0.95 0 0
360 344 2.38 19795 0.93 0 0
362 344 2.41 19261 0.9 0 0
364 344 2.44 18713 0.88 0 0
366 344 2.47 18155 0.85 0 0
368 344 2.5 17599 0.83 0 0
370 344 2.53 17037 0.8 0 0
372 344 2.56 16472 0.77 0 0
374 344 2.59 15901 0.74 0 0
376 344 2.63 15310 0.72 0 0
378 344 2.66 14721 0.69 0 0
380 344 2.69 14123 0.66 0 0
382 344 2.72 13519 0.63 0 0
384 344 2.76 12903 0.6 0 0
386 344 2.79 12277 0.57 0 0
388 344 2.83 11637 0.54 0 0
390 344 2.86 11026 0.51 0 0
392 344 2.9 10388 0.48 0 0
394 344 2.93 9736 0.45 0 0
396 344 2.97 9069 0.42 0 0
398 344 3.01 8408 0.39 0 0
400 344 3.04 7718 0.36 0 0
402 344 3.08 7039 0.32 0 0
404 344 3.12 6337 0.29 0 0
406 344 3.16 5639 0.26 0 0
408 344 3.2 4934 0.22 0 0
410 344 3.24 4209 0.19 0 0
412 344 3.28 3471 0.16 0 4
414 344 3.32 2758 0.12 0 9
416 344 3.35 2117 0.09 0 26
418 344 3.38 1560 0.07 0 65
420 344 3.41 1104 0.05 0 109
422 344 3.43 738 0.03 0 152
424 344 3.45 414 0.02 0 173
426 344 3.46 208 0.01 0 221
428 344 3.47 79 0.0 0 253
430 344 3.47 33 0.0 0 309
432 344 3.47 15 0.0 0 327
434 344 3.47 5 0.0 0 334
436 344 3.47 1 0.0 0 340
438 344 3.47 0 0.0 0 343
440 344 3.47 0 0.0 0 344
442 344 3.47 0 0.0 0 344
444 344 3.47 0 0.0 0 344
446 344 3.47 0 0.0 0 344
448 344 3.47 0 0.0 0 344
450 344 3.47 0 0.0 0 344
452 344 3.47 0 0.0 0 344
454 344 3.47 0 0.0 0 344
456 344 3.47 0 0.0 0 344
458 344 3.47 0 0.0 0 344
460 344 3.47 0 0.0 0 344
462 344 3.47 0 0.0 0 344
464 344 3.47 0 0.0 0 344
466 344 3.47 0 0.0 0 344
468 344 3.47 0 0.0 0 344
470 344 3.47 0 0.0 0 344
472 344 3.47 0 0.0 0 344
474 344 3.47 0 0.0 0 344
476 344 3.47 0 0.0 0 344
478 344 3.47 0 0.0 0 344
480 344 3.47 0 0.0 0 344
482 344 3.47 0 0.0 0 344
484 344 3.47 0 0.0 0 344
486 344 3.47 0 0.0 0 344
488 344 3.47 0 0.0 0 344
490 344 3.47 0 0.0 0 344
492 344 3.47 0 0.0 0 344
494 344 3.47 0 0.0 0 344
496 344 3.47 0 0.0 0 344
498 344 3.47 0 0.0 0 344
500 344 3.47 0 0.0 0 344
502 344 3.47 0 0.0 0 344
504 344 3.47 0 0.0 0 344
506 344 3.47 0 0.0 0 344
508 344 3.47 0 0.0 0 344
510 344 3.47 0 0.0 0 344
512 344 3.47 0 0.0 0 344
514 344 3.47 0 0.0 0 344
516 344 3.47 0 0.0 0 344
518 344 3.47 0 0.0 0 344
520 344 3.47 0 0.0 0 344
522 344 3.47 0 0.0 0 344
524 344 3.47 0 0.0 0 344
526 344 3.47 0 0.0 0 344
528 344 3.47 0 0.0 0 344
530 344 3.47 0 0.0 0 344
532 344 3.47 0 0.0 0 344
534 344 3.47 0 0.0 0 344
536 344 3.47 0 0.0 0 344
538 344 3.47 0 0.0 0 344
540 344 3.47 0 0.0 0 344
542 344 3.47 0 0.0 0 344
544 344 3.47 0 0.0 0 344
546 344 3.47 0 0.0 0 344
548 344 3.47 0 0.0 0 344
550 344 3.47 0 0.0 0 344
552 344 3.47 0 0.0 0 344
554 344 3.47 0 0.0 0 344
556 344 3.47 0 0.0 0 344
558 344 3.47 0 0.0 0 344
560 344 3.47 0 0.0 0 344
562 344 3.47 0 0.0 0 344
564 344 3.47 0 0.0 0 344
566 344 3.47 0 0.0 0 344
568 344 3.47 0 0.0 0 344
570 344 3.47 0 0.0 0 344
572 344 3.47 0 0.0 0 344
574 344 3.47 0 0.0 0 344
576 344 3.47 0 0.0 0 344
578 344 3.47 0 0.0 0 344
580 344 3.47 0 0.0 0 344
582 344 3.47 0 0.0 0 344
584 344 3.47 0 0.0 0 344
586 344 3.47 0 0.0 0 344
588 344 3.47 0 0.0 0 344
590 344 3.47 0 0.0 0 344
592 344 3.47 0 0.0 0 344
594 344 3.47 0 0.0 0 344
596 344 3.47 0 0.0 0 344
598 344 3.47 0 0.0 0 344
600 344 3.47 0 0.0 0 344
602 344 3.47 0 0.0 0 344
604 344 3.47 0 0.0 0 344
606 344 3.47 0 0.0 0 344
608 344 3.47 0 0.0 0 344
610 344 3.47 0 0.0 0 344
612 344 3.47 0 0.0 0 344
614 344 3.47 0 0.0 0 344
616 344 3.47 0 0.0 0 344
618 344 3.47 0 0.0 0 344
620 344 3.47 0 0.0 0 344
622 344 3.47 0 0.0 0 344
624 344 3.47 0 0.0 0 344
626 344 3.47 0 0.0 0 344
628 344 3.47 0 0.0 0 344
630 344 3.47 0 0.0 0 344
632 344 3.47 0 0.0 0 344
634 344 3.47 0 0.0 0 344
636 344 3.47 0 0.0 0 344
638 344 3.47 0 0.0 0 344
640 344 3.47 0 0.0 0 344
642 344 3.47 0 0.0 0 344
644 344 3.47 0 0.0 0 344
646 344 3.47 0 0.0 0 344
648 344 3.47 0 0.0 0 344
650 344 3.47 0 0.0 0 344
652 344 3.47 0 0.0 0 344
654 344 3.47 0 0.0 0 344
656 344 3.47 0 0.0 0 344
658 344 3.47 0 0.0 0 344
660 344 3.47 0 0.0 0 344
662 344 3.47 0 0.0 0 344
664 344 3.47 0 0.0 0 344
666 344 3.47 0 0.0 0 344
668 344 3.47 0 0.0 0 344
670 344 3.47 0 0.0 0 344
672 344 3.47 0 0.0 0 344
674 344 3.47 0 0.0 0 344
676 344 3.47 0 0.0 0 344
678 344 3.47 0 0.0 0 344
680 344 3.47 0 0.0 0 344
682 344 3.47 0 0.0 0 344
684 344 3.47 0 0.0 0 344
686 344 3.47 0 0.0 0 344
688 344 3.47 0 0.0 0 344
690 344 3.47 0 0.0 0 344
692 344 3.47 0 0.0 0 344
694 344 3.47 0 0.0 0 344
696 344 3.47 0 0.0 0 344
698 344 3.47 0 0.0 0 344
700 344 3.47 0 0.0 0 344
702 344 3.47 0 0.0 0 344
704 344 3.47 0 0.0 0 344
706 344 3.47 0 0.0 0 344
708 344 3.47 0 0.0 0 344
710 344 3.47 0 0.0 0 344
712 344 3.47 0 0.0 0 344
714 344 3.47 0 0.0 0 344
716 344 3.47 0 0.0 0 344
718 344 3.47 0 0.0 0 344
720 344 3.47 0 0.0 0 344
722 344 3.47 0 0.0 0 344
724 344 3.47 0 0.0 0 344
726 344 3.47 0 0.0 0 344
728 344 3.47 0 0.0 0 344
730 344 3.47 0 0.0 0 344
732 344 3.47 0 0.0 0 344
734 344 3.47 0 0.0 0 344
736 344 3.47 0 0.0 0 344
738 344 3.47 0 0.0 0 344
740 344 3.47 0 0.0 0 344
742 344 3.47 0 0.0 0 344
744 344 3.47 0 0.0 0 344
746 344 3.47 0 0.0 0 344
748 344 3.47 0 0.0 0 344
750 344 3.47 0 0.0 0 344
752 344 3.47 0 0.0 0 344
754 344 3.47 0 0.0 0 344
756 344 3.47 0 0.0 0 344
758 344 3.47 0 0.0 0 344
760 344 3.47 0 0.0 0 344
762 344 3.47 0 0.0 0 344
764 344 3.47 0 0.0 0 344
766 344 3.47 0 0.0 0 344
768 344 3.47 0 0.0 0 344
770 344 3.47 0 0.0 0 344
772 344 3.47 0 0.0 0 344
774 344 3.47 0 0.0 0 344
776 344 3.47 0 0.0 0 344
778 344 3.47 0 0.0 0 344
780 344 3.47 0 0.0 0 344
782 344 3.47 0 0.0 0 344
784 344 3.47 0 0.0 0 344
786 344 3.47 0 0.0 0 344
788 344 3.47 0 0.0 0 344
790 344 3.47 0 0.0 0 344
792 344 3.47 0 0.0 0 344
794 344 3.47 0 0.0 0 344
796 344 3.47 0 0.0 0 344
798 344 3.47 0 0.0 0 344
800 344 3.47 0 0.0 0 344
802 344 3.47 0 0.0 0 344
804 344 3.47 0 0.0 0 344
806 344 3.47 0 0.0 0 344
808 344 3.47 0 0.0 0 344
810 344 3.47 0 0.0 0 344
812 344 3.47 0 0.0 0 344
814 344 3.47 0 0.0 0 344
816 344 3.47 0 0.0 0 344
818 344 3.47 0 0.0 0 344
820 344 3.47 0 0.0 0 344
822 344 3.47 0 0.0 0 344
824 344 3.47 0 0.0 0 344
826 344 3.47 0 0.0 0 344
828 344 3.47 0 0.0 0 344
830 344 3.47 0 0.0 0 344
832 344 3.47 0 0.0 0 344
834 344 3.47 0 0.0 0 344
836 344 3.47 0 0.0 0 344
838 344 3.47 0 0.0 0 344
840 344 3.47 0 0.0 0 344
842 344 3.47 0 0.0 0 344
844 344 3.47 0 0.0 0 344
846 344 3.47 0 0.0 0 344
848 344 3.47 0 0.0 0 344
850 344 3.47 0 0.0 0 344
852 344 3.47 0 0.0 0 344
854 344 3.47 0 0.0 0 344
856 344 3.47 0 0.0 0 344
858 344 3.47 0 0.0 0 344
860 344 3.47 0 0.0 0 344
862 344 3.47 0 0.0 0 344
864 344 3.47 0 0.0 0 344
866 344 3.47 0 0.0 0 344
868 344 3.47 0 0.0 0 344
870 344 3.47 0 0.0 0 344
872 344 3.47 0 0.0 0 344
874 344 3.47 0 0.0 0 344
876 344 3.47 0 0.0 0 344
878 344 3.47 0 0.0 0 344
880 344 3.47 0 0.0 0 344
882 344 3.47 0 0.0 0 344
884 344 3.47 0 0.0 0 344
886 344 3.47 0 0.0 0 344
888 344 3.47 0 0.0 0 344
890 344 3.47 0 0.0 0 344
892 344 3.47 0 0.0 0 344
894 344 3.47 0 0.0 0 344
896 344 3.47 0 0.0 0 344
898 344 3.47 0 0.0 0 344
900 344 3.47 0 0.0 0 344
902 344 3.47 0 0.0 0 344
904 344 3.47 0 0.0 0 344
906 344 3.47 0 0.0 0 344
908 344 3.47 0 0.0 0 344
910 344 3.47 0 0.0 0 344
912 344 3.47 0 0.0 0 344
914 344 3.47 0 0.0 0 344
916 344 3.47 0 0.0 0 344
918 344 3.47 0 0.0 0 344
920 344 3.47 0 0.0 0 344
922 344 3.47 0 0.0 0 344
924 344 3.47 0 0.0 0 344
926 344 3.47 0 0.0 0 344
928 344 3.47 0 0.0 0 344
930 344 3.47 0 0.0 0 344
932 344 3.47 0 0.0 0 344
934 344 3.47 0 0.0 0 344
936 344 3.47 0 0.0 0 344
938 344 3.47 0 0.0 0 344
940 344 3.47 0 0.0 0 344
942 344 3.47 0 0.0 0 344
944 344 3.47 0 0.0 0 344
946 344 3.47 0 0.0 0 344
948 344 3.47 0 0.0 0 344
950 344 3.47 0 0.0 0 344
952 344 3.47 0 0.0 0 344
954 344 3.47 0 0.0 0 344
956 344 3.47 0 0.0 0 344
958 344 3.47 0 0.0 0 344
960 344 3.47 0 0.0 0 344
962 344 3.47 0 0.0 0 344
964 344 3.47 0 0.0 0 344
966 344 3.47 0 0.0 0 344
968 344 3.47 0 0.0 0 344
970 344 3.47 0 0.0 0 344
972 344 3.47 0 0.0 0 344
974 344 3.47 0 0.0 0 344
976 344 3.47 0 0.0 0 344
978 344 3.47 0 0.0 0 344
980 344 3.47 0 0.0 0 344
982 344 3.47 0 0.0 0 344
984 344 3.47 0 0.0 0 344
986 344 3.47 0 0.0 0 344
988 344 3.47 0 0.0 0 344
990 344 3.47 0 0.0 0 344
992 344 3.47 0 0.0 0 344
994 344 3.47 0 0.0 0 344
996 344 3.47 0 0.0 0 344
998 344 3.47 0 0.0 0 344
1000 344 3.47 0 0.0 0 344
1002 344 3.47 0 0.0 0 344
1004 344 3.47 0 0.0 0 344
1006 344 3.47 0 0.0 0 344
1008 344 3.47 0 0.0 0 344
1010 344 3.47 0 0.0 0 344
1012 344 3.47 0 0.0 0 344
1014 344 3.47 0 0.0 0 344
1016 344 3.47 0 0.0 0 344
1018 344 3.47 0 0.0 0 344
1020 344 3.47 0 0.0 0 344
1022 344 3.47 0 0.0 0 344
1024 344 3.47 0 0.0 0 344
1026 344 3.47 0 0.0 0 344
1028 344 3.47 0 0.0 0 344
1030 344 3.47 0 0.0 0 344
1032 344 3.47 0 0.0 0 344
1034 344 3.47 0 0.0 0 344
1036 344 3.47 0 0.0 0 344
1038 344 3.47 0 0.0 0 344
1040 344 3.47 0 0.0 0 344
1042 344 3.47 0 0.0 0 344
1044 344 3.47 0 0.0 0 344
1046 344 3.47 0 0.0 0 344
1048 344 3.47 0 0.0 0 344
1050 344 3.47 0 0.0 0 344
1052 344 3.47 0 0.0 0 344
1054 344 3.47 0 0.0 0 344
1056 344 3.47 0 0.0 0 344
1058 344 3.47 0 0.0 0 344
1060 344 3.47 0 0.0 0 344
1062 344 3.47 0 0.0 0 344
1064 344 3.47 0 0.0 0 344
1066 344 3.47 0 0.0 0 344
1068 344 3.47 0 0.0 0 344
1070 344 3.47 0 0.0 0 344
1072 344 3.47 0 0.0 0 344
1074 344 3.47 0 0.0 0 344
1076 344 3.47 0 0.0 0 344
1078 344 3.47 0 0.0 0 344
1080 344 3.47 0 0.0 0 344
1082 344 3.47 0 0.0 0 344
1084 344 3.47 0 0.0 0 344
1086 344 3.47 0 0.0 0 344
1088 344 3.47 0 0.0 0 344
1090 344 3.47 0 0.0 0 344
1092 344 3.47 0 0.0 0 344
1094 344 3.47 0 0.0 0 344
1096 344 3.47 0 0.0 0 344
1098 344 3.47 0 0.0 0 344
1100 344 3.47 0 0.0 0 344
1102 344 3.47 0 0.0 0 344
1104 344 3.47 0 0.0 0 344
1106 344 3.47 0 0.0 0 344
1108 344 3.47 0 0.0 0 344
1110 344 3.47 0 0.0 0 344
1112 344 3.47 0 0.0 0 344
1114 344 3.47 0 0.0 0 344
1116 344 3.47 0 0.0 0 344
1118 344 3.47 0 0.0 0 344
1120 344 3.47 0 0.0 0 344
1122 344 3.47 0 0.0 0 344
1124 344 3.47 0 0.0 0 344
1126 344 3.47 0 0.0 0 344
1128 344 3.47 0 0.0 0 344
1130 344 3.47 0 0.0 0 344
1132 344 3.47 0 0.0 0 344
1134 344 3.47 0 0.0 0 344
1136 344 3.47 0 0.0 0 344
1138 344 3.47 0 0.0 0 344
1140 344 3.47 0 0.0 0 344
1142 344 3.47 0 0.0 0 344
1144 344 3.47 0 0.0 0 344
1146 344 3.47 0 0.0 0 344
1148 344 3.47 0 0.0 0 344
1150 344 3.47 0 0.0 0 344
1152 344 3.47 0 0.0 0 344
1154 344 3.47 0 0.0 0 344
1156 344 3.47 0 0.0 0 344
1158 344 3.47 0 0.0 0 344
1160 344 3.47 0 0.0 0 344
1162 344 3.47 0 0.0 0 344
1164 344 3.47 0 0.0 0 344
1166 344 3.47 0 0.0 0 344
1168 344 3.47 0 0.0 0 344
1170 344 3.47 0 0.0 0 344
1172 344 3.47 0 0.0 0 344
1174 344 3.47 0 0.0 0 344
1176 344 3.47 0 0.0 0 344
1178 344 3.47 0 0.0 0 344
1180 344 3.47 0 0.0 0 344
1182 344 3.47 0 0.0 0 344
1184 344 3.47 0 0.0 0 344
1186 344 3.47 0 0.0 0 344
1188 344 3.47 0 0.0 0 344
1190 344 3.47 0 0.0 0 344
1192 344 3.47 0 0.0 0 344
1194 344 3.47 0 0.0 0 344
1196 344 3.47 0 0.0 0 344
1198 344 3.47 0 0.0 0 344
1200 344 3.47 0 0.0 0 344
1202 344 3.47 0 0.0 0 344
1204 344 3.47 0 0.0 0 344
1206 344 3.47 0 0.0 0 344
1208 344 3.47 0 0.0 0 344
1210 344 3.47 0 0.0 0 344
1212 344 3.47 0 0.0 0 344
1214 344 3.47 0 0.0 0 344
1216 344 3.47 0 0.0 0 344
1218 344 3.47 0 0.0 0 344
1220 344 3.47 0 0.0 0 344
1222 344 3.47 0 0.0 0 344
1224 344 3.47 0 0.0 0 344
1226 344 3.47 0 0.0 0 344
1228 344 3.47 0 0.0 0 344
1230 344 3.47 0 0.0 0 344
1232 344 3.47 0 0.0 0 344
1234 344 3.47 0 0.0 0 344
1236 344 3.47 0 0.0 0 344
1238 344 3.47 0 0.0 0 344
1240 344 3.47 0 0.0 0 344
1242 344 3.47 0 0.0 0 344
1244 344 3.47 0 0.0 0 344
1246 344 3.47 0 0.0 0 344
1248 344 3.47 0 0.0 0 344
1250 344 3.47 0 0.0 0 344
1252 344 3.47 0 0.0 0 344
1254 344 3.47 0 0.0 0 344
1256 344 3.47 0 0.0 0 344
1258 344 3.47 0 0.0 0 344
1260 344 3.47 0 0.0 0 344
1262 344 3.47 0 0.0 0 344
1264 344 3.47 0 0.0 0 344
1266 344 3.47 0 0.0 0 344
1268 344 3.47 0 0.0 0 344
1270 344 3.47 0 0.0 0 344
1272 344 3.47 0 0.0 0 344
1274 344 3.47 0 0.0 0 344
1276 344 3.47 0 0.0 0 344
1278 344 3.47 0 0.0 0 344
1280 344 3.47 0 0.0 0 344
1282 344 3.47 0 0.0 0 344
1284 344 3.47 0 0.0 0 344
1286 344 3.47 0 0.0 0 344
1288 344 3.47 0 0.0 0 344
1290 344 3.47 0 0.0 0 344
1292 344 3.47 0 0.0 0 344
1294 344 3.47 0 0.0 0 344
1296 344 3.47 0 0.0 0 344
1298 344 3.47 0 0.0 0 344
1300 344 3.47 0 0.0 0 344
1302 344 3.47 0 0.0 0 344
1304 344 3.47 0 0.0 0 344
1306 344 3.47 0 0.0 0 344
1308 344 3.47 0 0.0 0 344
1310 344 3.47 0 0.0 0 344
1312 344 3.47 0 0.0 0 344
1314 344 3.47 0 0.0 0 344
1316 344 3.47 0 0.0 0 344
1318 344 3.47 0 0.0 0 344
1320 344 3.47 0 0.0 0 344
1322 344 3.47 0 0.0 0 344
1324 344 3.47 0 0.0 0 344
1326 344 3.47 0 0.0 0 344
1328 344 3.47 0 0.0 0 344
1330 344 3.47 0 0.0 0 344
1332 344 3.47 0 0.0 0 344
1334 344 3.47 0 0.0 0 344
1336 344 3.47 0 0.0 0 344
1338 344 3.47 0 0.0 0 344
1340 344 3.47 0 0.0 0 344
1342 344 3.47 0 0.0 0 344
1344 344 3.47 0 0.0 0 344
1346 344 3.47 0 0.0 0 344
1348 344 3.47 0 0.0 0 344
1350 344 3.47 0 0.0 0 344
1352 344 3.47 0 0.0 0 344
1354 344 3.47 0 0.0 0 344
1356 344 3.47 0 0.0 0 344
1358 344 3.47 0 0.0 0 344
1360 344 3.47 0 0.0 0 344
1362 344 3.47 0 0.0 0 344
1364 344 3.47 0 0.0 0 344
1366 344 3.47 0 0.0 0 344
1368 344 3.47 0 0.0 0 344
1370 344 3.47 0 0.0 0 344
1372 344 3.47 0 0.0 0 344
1374 344 3.47 0 0.0 0 344
1376 344 3.47 0 0.0 0 344
1378 344 3.47 0 0.0 0 344
1380 344 3.47 0 0.0 0 344
1382 344 3.47 0 0.0 0 344
1384 344 3.47 0 0.0 0 344
1386 344 3.47 0 0.0 0 344
1388 344 3.47 0 0.0 0 344
1390 344 3.47 0 0.0 0 344
1392 344 3.47 0 0.0 0 344
1394 344 3.47 0 0.0 0 344
1396 344 3.47 0 0.0 0 344
1398 344 3.47 0 0.0 0 344
1400 344 3.47 0 0.0 0 344
1402 344 3.47 0 0.0 0 344
1404 344 3.47 0 0.0 0 344
1406 344 3.47 0 0.0 0 344
1408 344 3.47 0 0.0 0 344
1410 344 3.47 0 0.0 0 344
1412 344 3.47 0 0.0 0 344
1414 344 3.47 0 0.0 0 344
1416 344 3.47 0 0.0 0 344
1418 344 3.47 0 0.0 0 344
1420 344 3.47 0 0.0 0 344
1422 344 3.47 0 0.0 0 344
1424 344 3.47 0 0.0 0 344
1426 344 3.47 0 0.0 0 344
1428 344 3.47 0 0.0 0 344
1430 344 3.47 0 0.0 0 344
1432 344 3.47 0 0.0 0 344
1434 344 3.47 0 0.0 0 344
1436 344 3.47 0 0.0 0 344
1438 344 3.47 0 0.0 0 344
1440 344 3.47 0 0.0 0 344
