Time PAO1_Count PAO1_Conc Glycerol_Count Glycerol_Conc PAO1_Died bacteria_couldn't_eat
0 43 0.26 57811 2.76 0 0
2 43 0.26 57811 2.76 0 0
4 43 0.27 57795 2.76 0 0
6 43 0.27 57769 2.76 0 0
8 43 0.27 57738 2.76 0 0
10 43 0.28 57711 2.75 0 0
12 43 0.28 57684 2.75 0 0
14 43 0.28 57654 2.75 0 0
16 43 0.29 57618 2.75 0 0
18 43 0.29 57589 2.74 0 0
20 43 0.29 57545 2.74 0 0
22 43 0.3 57501 2.74 0 0
24 43 0.3 57458 2.74 0 0
26 43 0.3 57408 2.74 0 0
28 43 0.31 57361 2.73 0 0
30 43 0.31 57319 2.73 0 0
32 43 0.32 57269 2.73 0 0
34 43 0.32 57222 2.73 0 0
36 43 0.32 57171 2.72 0 0
38 43 0.33 57119 2.72 0 0
40 43 0.33 57071 2.72 0 0
42 43 0.34 57023 2.72 0 0
44 43 0.34 56971 2.71 0 0
46 43 0.34 56919 2.71 0 0
48 43 0.35 56868 2.71 0 0
50 43 0.35 56816 2.7 0 0
52 43 0.36 56764 2.7 0 0
54 43 0.36 56708 2.7 0 0
56 43 0.37 56655 2.7 0 0
58 43 0.37 56604 2.69 0 0
60 43 0.38 56549 2.69 0 0
62 43 0.38 56494 2.69 0 0
64 43 0.39 56431 2.68 0 0
66 43 0.39 56371 2.68 0 0
68 43 0.4 56313 2.68 0 0
70 43 0.4 56253 2.68 0 0
72 43 0.41 56192 2.67 0 0
74 43 0.41 56126 2.67 0 0
76 43 0.42 56063 2.67 0 0
78 43 0.42 55994 2.66 0 0
80 43 0.43 55926 2.66 0 0
82 43 0.43 55860 2.66 0 0
84 43 0.44 55787 2.65 0 0
86 43 0.44 55722 2.65 0 0
88 43 0.45 55655 2.65 0 0
90 43 0.45 55584 2.64 0 0
92 43 0.46 55503 2.64 0 0
94 43 0.46 55432 2.64 0 0
96 43 0.47 55351 2.63 0 0
98 43 0.48 55285 2.63 0 0
100 43 0.48 55210 2.62 0 0
102 43 0.49 55133 2.62 0 0
104 43 0.49 55052 2.62 0 0
106 43 0.5 54975 2.61 0 0
108 43 0.51 54890 2.61 0 0
110 43 0.51 54810 2.61 0 0
112 43 0.52 54729 2.6 0 0
114 86 0.53 54647 2.6 0 0
116 86 0.53 54552 2.59 0 0
118 86 0.54 54466 2.59 0 0
120 86 0.55 54377 2.58 0 0
122 86 0.55 54287 2.58 0 0
124 86 0.56 54189 2.58 0 0
126 86 0.57 54094 2.57 0 0
128 86 0.57 53997 2.57 0 0
130 86 0.58 53906 2.56 0 0
132 86 0.59 53808 2.56 0 0
134 86 0.6 53709 2.55 0 0
136 86 0.6 53609 2.55 0 0
138 86 0.61 53508 2.54 0 0
140 86 0.62 53406 2.54 0 0
142 86 0.63 53307 2.53 0 0
144 86 0.63 53205 2.53 0 0
146 86 0.64 53099 2.52 0 0
148 86 0.65 52986 2.52 0 0
150 86 0.66 52888 2.51 0 0
152 86 0.67 52778 2.51 0 0
154 86 0.68 52676 2.5 0 0
156 86 0.68 52565 2.5 0 0
158 86 0.69 52453 2.49 0 0
160 86 0.7 52335 2.49 0 0
162 86 0.71 52224 2.48 0 0
164 86 0.72 52111 2.48 0 0
166 86 0.73 51992 2.47 0 0
168 86 0.74 51877 2.47 0 0
170 86 0.75 51758 2.46 0 0
172 86 0.76 51634 2.45 0 0
174 86 0.76 51511 2.45 0 0
176 86 0.77 51380 2.44 0 0
178 86 0.78 51247 2.44 0 0
180 86 0.79 51126 2.43 0 0
182 86 0.8 51003 2.42 0 0
184 86 0.81 50879 2.42 0 0
186 86 0.82 50753 2.41 0 0
188 86 0.83 50620 2.41 0 0
190 86 0.85 50493 2.4 0 0
192 86 0.86 50348 2.39 0 0
194 86 0.87 50205 2.39 0 0
196 86 0.88 50065 2.38 0 0
198 86 0.89 49909 2.37 0 0
200 86 0.9 49760 2.36 0 0
202 86 0.91 49614 2.36 0 0
204 86 0.92 49464 2.35 0 0
206 86 0.93 49312 2.34 0 0
208 86 0.95 49164 2.34 0 0
210 86 0.96 49011 2.33 0 0
212 86 0.97 48851 2.32 0 0
214 86 0.98 48688 2.31 0 0
216 86 0.99 48529 2.31 0 0
218 86 1.01 48375 2.3 0 0
220 86 1.02 48212 2.29 0 0
222 86 1.03 48038 2.28 0 0
224 86 1.04 47862 2.27 0 0
226 172 1.06 47694 2.27 0 0
228 172 1.07 47527 2.26 0 0
230 172 1.08 47360 2.25 0 0
232 172 1.1 47184 2.24 0 0
234 172 1.11 47002 2.23 0 0
236 172 1.13 46826 2.22 0 0
238 172 1.14 46632 2.22 0 0
240 172 1.15 46449 2.21 0 0
242 172 1.17 46254 2.2 0 0
244 172 1.18 46065 2.19 0 0
246 172 1.2 45858 2.18 0 0
248 172 1.21 45673 2.17 0 0
250 172 1.23 45475 2.16 0 0
252 172 1.24 45263 2.15 0 0
254 172 1.26 45064 2.14 0 0
256 172 1.27 44854 2.13 0 0
258 172 1.29 44637 2.12 0 0
260 172 1.31 44428 2.11 0 0
262 172 1.32 44213 2.1 0 0
264 172 1.34 43993 2.09 0 0
266 172 1.36 43785 2.08 0 0
268 172 1.37 43577 2.07 0 0
270 172 1.39 43344 2.06 0 0
272 172 1.41 43109 2.05 0 0
274 172 1.43 42879 2.04 0 0
276 172 1.44 42649 2.03 0 0
278 172 1.46 42415 2.01 0 0
280 172 1.48 42175 2.0 0 0
282 172 1.5 41934 1.99 0 0
284 172 1.52 41688 1.98 0 0
286 172 1.54 41438 1.97 0 0
288 172 1.56 41188 1.96 0 0
290 172 1.58 40925 1.94 0 0
292 172 1.59 40666 1.93 0 0
294 172 1.61 40400 1.92 0 0
296 172 1.64 40144 1.91 0 0
298 172 1.66 39889 1.89 0 0
300 172 1.68 39621 1.88 0 0
302 172 1.7 39355 1.87 0 0
304 172 1.72 39075 1.85 0 0
306 172 1.74 38787 1.84 0 0
308 172 1.76 38502 1.83 0 0
310 172 1.78 38217 1.81 0 0
312 172 1.81 37929 1.8 0 0
314 172 1.83 37631 1.79 0 0
316 172 1.85 37330 1.77 0 0
318 172 1.88 37028 1.76 0 0
320 172 1.9 36723 1.74 0 0
322 172 1.92 36417 1.73 0 0
324 172 1.95 36102 1.71 0 0
326 172 1.97 35787 1.7 0 0
328 172 2.0 35468 1.68 0 0
330 172 2.02 35130 1.67 0 0
332 172 2.05 34807 1.65 0 0
334 172 2.07 34464 1.63 0 0
336 344 2.1 34129 1.62 0 0
338 344 2.12 33789 1.6 0 0
340 344 2.15 33449 1.59 0 0
342 344 2.18 33090 1.57 0 0
344 344 2.21 32743 1.55 0 0
346 344 2.23 32377 1.53 0 0
348 344 2.26 32010 1.52 0 0
350 344 2.29 31636 1.5 0 0
352 344 2.32 31263 1.48 0 0
354 344 2.35 30882 1.46 0 0
356 344 2.38 30490 1.45 0 0
358 344 2.41 30085 1.43 0 0
360 344 2.44 29687 1.41 0 0
362 344 2.47 29296 1.39 0 0
364 344 2.5 28893 1.37 0 0
366 344 2.53 28495 1.35 0 0
368 344 2.56 28089 1.33 0 0
370 344 2.59 27661 1.31 0 0
372 344 2.63 27249 1.29 0 0
374 344 2.66 26817 1.27 0 0
376 344 2.69 26384 1.25 0 0
378 344 2.73 25951 1.23 0 0
380 344 2.76 25514 1.21 0 0
382 344 2.79 25062 1.19 0 0
384 344 2.83 24612 1.16 0 0
386 344 2.86 24146 1.14 0 0
388 344 2.9 23685 1.12 0 0
390 344 2.94 23222 1.1 0 0
392 344 2.97 22732 1.07 0 0
394 344 3.01 22244 1.05 0 0
396 344 3.05 21742 1.03 0 0
398 344 3.09 21255 1.0 0 0
400 344 3.13 20745 0.98 0 0
402 344 3.16 20251 0.95 0 0
404 344 3.2 19725 0.93 0 0
406 344 3.24 19210 0.9 0 0
408 344 3.28 18696 0.88 0 0
410 344 3.33 18147 0.85 0 0
412 344 3.37 17604 0.83 0 0
414 344 3.41 17029 0.8 0 0
416 344 3.45 16482 0.77 0 0
418 344 3.5 15925 0.75 0 0
420 344 3.54 15359 0.72 0 0
422 344 3.58 14784 0.69 0 0
424 344 3.63 14198 0.66 0 0
426 344 3.67 13623 0.64 0 0
428 344 3.72 13026 0.61 0 0
430 344 3.77 12409 0.58 0 0
432 344 3.81 11786 0.55 0 0
434 344 3.86 11172 0.52 0 0
436 344 3.91 10546 0.49 0 0
438 344 3.96 9914 0.46 0 0
440 344 4.01 9269 0.43 0 0
442 344 4.06 8613 0.4 0 0
444 344 4.11 7954 0.36 0 0
446 344 4.16 7270 0.33 0 0
448 688 4.21 6568 0.3 0 0
450 688 4.27 5914 0.27 0 0
452 688 4.32 5211 0.23 0 0
454 688 4.37 4485 0.2 0 0
456 688 4.43 3776 0.17 0 5
458 688 4.48 3059 0.13 0 3
460 688 4.54 2331 0.1 0 19
462 688 4.59 1635 0.07 0 49
464 688 4.63 1065 0.04 0 155
466 688 4.66 602 0.02 0 276
468 688 4.68 285 0.01 0 405
470 688 4.69 101 0.0 0 517
472 688 4.7 14 0.0 0 610
474 688 4.7 0 0.0 0 675
476 688 4.7 0 0.0 0 688
478 688 4.7 0 0.0 0 688
480 688 4.7 0 0.0 0 688
482 688 4.7 0 0.0 0 688
484 688 4.7 0 0.0 0 688
486 688 4.7 0 0.0 0 688
488 688 4.7 0 0.0 0 688
490 688 4.7 0 0.0 0 688
492 688 4.7 0 0.0 0 688
494 688 4.7 0 0.0 0 688
496 688 4.7 0 0.0 0 688
498 688 4.7 0 0.0 0 688
500 688 4.7 0 0.0 0 688
502 688 4.7 0 0.0 0 688
504 688 4.7 0 0.0 0 688
506 688 4.7 0 0.0 0 688
508 688 4.7 0 0.0 0 688
510 688 4.7 0 0.0 0 688
512 688 4.7 0 0.0 0 688
514 688 4.7 0 0.0 0 688
516 688 4.7 0 0.0 0 688
518 688 4.7 0 0.0 0 688
520 688 4.7 0 0.0 0 688
522 688 4.7 0 0.0 0 688
524 688 4.7 0 0.0 0 688
526 688 4.7 0 0.0 0 688
528 688 4.7 0 0.0 0 688
530 688 4.7 0 0.0 0 688
532 688 4.7 0 0.0 0 688
534 688 4.7 0 0.0 0 688
536 688 4.7 0 0.0 0 688
538 688 4.7 0 0.0 0 688
540 688 4.7 0 0.0 0 688
542 688 4.7 0 0.0 0 688
544 688 4.7 0 0.0 0 688
546 688 4.7 0 0.0 0 688
548 688 4.7 0 0.0 0 688
550 688 4.7 0 0.0 0 688
552 688 4.7 0 0.0 0 688
554 688 4.7 0 0.0 0 688
556 688 4.7 0 0.0 0 688
558 688 4.7 0 0.0 0 688
560 688 4.7 0 0.0 0 688
562 688 4.7 0 0.0 0 688
564 688 4.7 0 0.0 0 688
566 688 4.7 0 0.0 0 688
568 688 4.7 0 0.0 0 688
570 688 4.7 0 0.0 0 688
572 688 4.7 0 0.0 0 688
574 688 4.7 0 0.0 0 688
576 688 4.7 0 0.0 0 688
578 688 4.7 0 0.0 0 688
580 688 4.7 0 0.0 0 688
582 688 4.7 0 0.0 0 688
584 688 4.7 0 0.0 0 688
586 688 4.7 0 0.0 0 688
588 688 4.7 0 0.0 0 688
590 688 4.7 0 0.0 0 688
592 688 4.7 0 0.0 0 688
594 688 4.7 0 0.0 0 688
596 688 4.7 0 0.0 0 688
598 688 4.7 0 0.0 0 688
600 688 4.7 0 0.0 0 688
602 688 4.7 0 0.0 0 688
604 688 4.7 0 0.0 0 688
606 688 4.7 0 0.0 0 688
608 688 4.7 0 0.0 0 688
610 688 4.7 0 0.0 0 688
612 688 4.7 0 0.0 0 688
614 688 4.7 0 0.0 0 688
616 688 4.7 0 0.0 0 688
618 688 4.7 0 0.0 0 688
620 688 4.7 0 0.0 0 688
622 688 4.7 0 0.0 0 688
624 688 4.7 0 0.0 0 688
626 688 4.7 0 0.0 0 688
628 688 4.7 0 0.0 0 688
630 688 4.7 0 0.0 0 688
632 688 4.7 0 0.0 0 688
634 688 4.7 0 0.0 0 688
636 688 4.7 0 0.0 0 688
638 688 4.7 0 0.0 0 688
640 688 4.7 0 0.0 0 688
642 688 4.7 0 0.0 0 688
644 688 4.7 0 0.0 0 688
646 688 4.7 0 0.0 0 688
648 688 4.7 0 0.0 0 688
650 688 4.7 0 0.0 0 688
652 688 4.7 0 0.0 0 688
654 688 4.7 0 0.0 0 688
656 688 4.7 0 0.0 0 688
658 688 4.7 0 0.0 0 688
660 688 4.7 0 0.0 0 688
662 688 4.7 0 0.0 0 688
664 688 4.7 0 0.0 0 688
666 688 4.7 0 0.0 0 688
668 688 4.7 0 0.0 0 688
670 688 4.7 0 0.0 0 688
672 688 4.7 0 0.0 0 688
674 688 4.7 0 0.0 0 688
676 688 4.7 0 0.0 0 688
678 688 4.7 0 0.0 0 688
680 688 4.7 0 0.0 0 688
682 688 4.7 0 0.0 0 688
684 688 4.7 0 0.0 0 688
686 688 4.7 0 0.0 0 688
688 688 4.7 0 0.0 0 688
690 688 4.7 0 0.0 0 688
692 688 4.7 0 0.0 0 688
694 688 4.7 0 0.0 0 688
696 688 4.7 0 0.0 0 688
698 688 4.7 0 0.0 0 688
700 688 4.7 0 0.0 0 688
702 688 4.7 0 0.0 0 688
704 688 4.7 0 0.0 0 688
706 688 4.7 0 0.0 0 688
708 688 4.7 0 0.0 0 688
710 688 4.7 0 0.0 0 688
712 688 4.7 0 0.0 0 688
714 688 4.7 0 0.0 0 688
716 688 4.7 0 0.0 0 688
718 688 4.7 0 0.0 0 688
720 688 4.7 0 0.0 0 688
722 688 4.7 0 0.0 0 688
724 688 4.7 0 0.0 0 688
726 688 4.7 0 0.0 0 688
728 688 4.7 0 0.0 0 688
730 688 4.7 0 0.0 0 688
732 688 4.7 0 0.0 0 688
734 688 4.7 0 0.0 0 688
736 688 4.7 0 0.0 0 688
738 688 4.7 0 0.0 0 688
740 688 4.7 0 0.0 0 688
742 688 4.7 0 0.0 0 688
744 688 4.7 0 0.0 0 688
746 688 4.7 0 0.0 0 688
748 688 4.7 0 0.0 0 688
750 688 4.7 0 0.0 0 688
752 688 4.7 0 0.0 0 688
754 688 4.7 0 0.0 0 688
756 688 4.7 0 0.0 0 688
758 688 4.7 0 0.0 0 688
760 688 4.7 0 0.0 0 688
762 688 4.7 0 0.0 0 688
764 688 4.7 0 0.0 0 688
766 688 4.7 0 0.0 0 688
768 688 4.7 0 0.0 0 688
770 688 4.7 0 0.0 0 688
772 688 4.7 0 0.0 0 688
774 688 4.7 0 0.0 0 688
776 688 4.7 0 0.0 0 688
778 688 4.7 0 0.0 0 688
780 688 4.7 0 0.0 0 688
782 688 4.7 0 0.0 0 688
784 688 4.7 0 0.0 0 688
786 688 4.7 0 0.0 0 688
788 688 4.7 0 0.0 0 688
790 688 4.7 0 0.0 0 688
792 688 4.7 0 0.0 0 688
794 688 4.7 0 0.0 0 688
796 688 4.7 0 0.0 0 688
798 688 4.7 0 0.0 0 688
800 688 4.7 0 0.0 0 688
802 688 4.7 0 0.0 0 688
804 688 4.7 0 0.0 0 688
806 688 4.7 0 0.0 0 688
808 688 4.7 0 0.0 0 688
810 688 4.7 0 0.0 0 688
812 688 4.7 0 0.0 0 688
814 688 4.7 0 0.0 0 688
816 688 4.7 0 0.0 0 688
818 688 4.7 0 0.0 0 688
820 688 4.7 0 0.0 0 688
822 688 4.7 0 0.0 0 688
824 688 4.7 0 0.0 0 688
826 688 4.7 0 0.0 0 688
828 688 4.7 0 0.0 0 688
830 688 4.7 0 0.0 0 688
832 688 4.7 0 0.0 0 688
834 688 4.7 0 0.0 0 688
836 688 4.7 0 0.0 0 688
838 688 4.7 0 0.0 0 688
840 688 4.7 0 0.0 0 688
842 688 4.7 0 0.0 0 688
844 688 4.7 0 0.0 0 688
846 688 4.7 0 0.0 0 688
848 688 4.7 0 0.0 0 688
850 688 4.7 0 0.0 0 688
852 688 4.7 0 0.0 0 688
854 688 4.7 0 0.0 0 688
856 688 4.7 0 0.0 0 688
858 688 4.7 0 0.0 0 688
860 688 4.7 0 0.0 0 688
862 688 4.7 0 0.0 0 688
864 688 4.7 0 0.0 0 688
866 688 4.7 0 0.0 0 688
868 688 4.7 0 0.0 0 688
870 688 4.7 0 0.0 0 688
872 688 4.7 0 0.0 0 688
874 688 4.7 0 0.0 0 688
876 688 4.7 0 0.0 0 688
878 688 4.7 0 0.0 0 688
880 688 4.7 0 0.0 0 688
882 688 4.7 0 0.0 0 688
884 688 4.7 0 0.0 0 688
886 688 4.7 0 0.0 0 688
888 688 4.7 0 0.0 0 688
890 688 4.7 0 0.0 0 688
892 688 4.7 0 0.0 0 688
894 688 4.7 0 0.0 0 688
896 688 4.7 0 0.0 0 688
898 688 4.7 0 0.0 0 688
900 688 4.7 0 0.0 0 688
902 688 4.7 0 0.0 0 688
904 688 4.7 0 0.0 0 688
906 688 4.7 0 0.0 0 688
908 688 4.7 0 0.0 0 688
910 688 4.7 0 0.0 0 688
912 688 4.7 0 0.0 0 688
914 688 4.7 0 0.0 0 688
916 688 4.7 0 0.0 0 688
918 688 4.7 0 0.0 0 688
920 688 4.7 0 0.0 0 688
922 688 4.7 0 0.0 0 688
924 688 4.7 0 0.0 0 688
926 688 4.7 0 0.0 0 688
928 688 4.7 0 0.0 0 688
930 688 4.7 0 0.0 0 688
932 688 4.7 0 0.0 0 688
934 688 4.7 0 0.0 0 688
936 688 4.7 0 0.0 0 688
938 688 4.7 0 0.0 0 688
940 688 4.7 0 0.0 0 688
942 688 4.7 0 0.0 0 688
944 688 4.7 0 0.0 0 688
946 688 4.7 0 0.0 0 688
948 688 4.7 0 0.0 0 688
950 688 4.7 0 0.0 0 688
952 688 4.7 0 0.0 0 688
954 688 4.7 0 0.0 0 688
956 688 4.7 0 0.0 0 688
958 688 4.7 0 0.0 0 688
960 688 4.7 0 0.0 0 688
962 688 4.7 0 0.0 0 688
964 688 4.7 0 0.0 0 688
966 688 4.7 0 0.0 0 688
968 688 4.7 0 0.0 0 688
970 688 4.7 0 0.0 0 688
972 688 4.7 0 0.0 0 688
974 688 4.7 0 0.0 0 688
976 688 4.7 0 0.0 0 688
978 688 4.7 0 0.0 0 688
980 688 4.7 0 0.0 0 688
982 688 4.7 0 0.0 0 688
984 688 4.7 0 0.0 0 688
986 688 4.7 0 0.0 0 688
988 688 4.7 0 0.0 0 688
990 688 4.7 0 0.0 0 688
992 688 4.7 0 0.0 0 688
994 688 4.7 0 0.0 0 688
996 688 4.7 0 0.0 0 688
998 688 4.7 0 0.0 0 688
1000 688 4.7 0 0.0 0 688
1002 688 4.7 0 0.0 0 688
1004 688 4.7 0 0.0 0 688
1006 688 4.7 0 0.0 0 688
1008 688 4.7 0 0.0 0 688
1010 688 4.7 0 0.0 0 688
1012 688 4.7 0 0.0 0 688
1014 688 4.7 0 0.0 0 688
1016 688 4.7 0 0.0 0 688
1018 688 4.7 0 0.0 0 688
1020 688 4.7 0 0.0 0 688
1022 688 4.7 0 0.0 0 688
1024 688 4.7 0 0.0 0 688
1026 688 4.7 0 0.0 0 688
1028 688 4.7 0 0.0 0 688
1030 688 4.7 0 0.0 0 688
1032 688 4.7 0 0.0 0 688
1034 688 4.7 0 0.0 0 688
1036 688 4.7 0 0.0 0 688
1038 688 4.7 0 0.0 0 688
1040 688 4.7 0 0.0 0 688
1042 688 4.7 0 0.0 0 688
1044 688 4.7 0 0.0 0 688
1046 688 4.7 0 0.0 0 688
1048 688 4.7 0 0.0 0 688
1050 688 4.7 0 0.0 0 688
1052 688 4.7 0 0.0 0 688
1054 688 4.7 0 0.0 0 688
1056 688 4.7 0 0.0 0 688
1058 688 4.7 0 0.0 0 688
1060 688 4.7 0 0.0 0 688
1062 688 4.7 0 0.0 0 688
1064 688 4.7 0 0.0 0 688
1066 688 4.7 0 0.0 0 688
1068 688 4.7 0 0.0 0 688
1070 688 4.7 0 0.0 0 688
1072 688 4.7 0 0.0 0 688
1074 688 4.7 0 0.0 0 688
1076 688 4.7 0 0.0 0 688
1078 688 4.7 0 0.0 0 688
1080 688 4.7 0 0.0 0 688
1082 688 4.7 0 0.0 0 688
1084 688 4.7 0 0.0 0 688
1086 688 4.7 0 0.0 0 688
1088 688 4.7 0 0.0 0 688
1090 688 4.7 0 0.0 0 688
1092 688 4.7 0 0.0 0 688
1094 688 4.7 0 0.0 0 688
1096 688 4.7 0 0.0 0 688
1098 688 4.7 0 0.0 0 688
1100 688 4.7 0 0.0 0 688
1102 688 4.7 0 0.0 0 688
1104 688 4.7 0 0.0 0 688
1106 688 4.7 0 0.0 0 688
1108 688 4.7 0 0.0 0 688
1110 688 4.7 0 0.0 0 688
1112 688 4.7 0 0.0 0 688
1114 688 4.7 0 0.0 0 688
1116 688 4.7 0 0.0 0 688
1118 688 4.7 0 0.0 0 688
1120 688 4.7 0 0.0 0 688
1122 688 4.7 0 0.0 0 688
1124 688 4.7 0 0.0 0 688
1126 688 4.7 0 0.0 0 688
1128 688 4.7 0 0.0 0 688
1130 688 4.7 0 0.0 0 688
1132 688 4.7 0 0.0 0 688
1134 688 4.7 0 0.0 0 688
1136 688 4.7 0 0.0 0 688
1138 688 4.7 0 0.0 0 688
1140 688 4.7 0 0.0 0 688
1142 688 4.7 0 0.0 0 688
1144 688 4.7 0 0.0 0 688
1146 688 4.7 0 0.0 0 688
1148 688 4.7 0 0.0 0 688
1150 688 4.7 0 0.0 0 688
1152 688 4.7 0 0.0 0 688
1154 688 4.7 0 0.0 0 688
1156 688 4.7 0 0.0 0 688
1158 688 4.7 0 0.0 0 688
1160 688 4.7 0 0.0 0 688
1162 688 4.7 0 0.0 0 688
1164 688 4.7 0 0.0 0 688
1166 688 4.7 0 0.0 0 688
1168 688 4.7 0 0.0 0 688
1170 688 4.7 0 0.0 0 688
1172 688 4.7 0 0.0 0 688
1174 688 4.7 0 0.0 0 688
1176 688 4.7 0 0.0 0 688
1178 688 4.7 0 0.0 0 688
1180 688 4.7 0 0.0 0 688
1182 688 4.7 0 0.0 0 688
1184 688 4.7 0 0.0 0 688
1186 688 4.7 0 0.0 0 688
1188 688 4.7 0 0.0 0 688
1190 688 4.7 0 0.0 0 688
1192 688 4.7 0 0.0 0 688
1194 688 4.7 0 0.0 0 688
1196 688 4.7 0 0.0 0 688
1198 688 4.7 0 0.0 0 688
1200 688 4.7 0 0.0 0 688
1202 688 4.7 0 0.0 0 688
1204 688 4.7 0 0.0 0 688
1206 688 4.7 0 0.0 0 688
1208 688 4.7 0 0.0 0 688
1210 688 4.7 0 0.0 0 688
1212 688 4.7 0 0.0 0 688
1214 688 4.7 0 0.0 0 688
1216 688 4.7 0 0.0 0 688
1218 688 4.7 0 0.0 0 688
1220 688 4.7 0 0.0 0 688
1222 688 4.7 0 0.0 0 688
1224 688 4.7 0 0.0 0 688
1226 688 4.7 0 0.0 0 688
1228 688 4.7 0 0.0 0 688
1230 688 4.7 0 0.0 0 688
1232 688 4.7 0 0.0 0 688
1234 688 4.7 0 0.0 0 688
1236 688 4.7 0 0.0 0 688
1238 688 4.7 0 0.0 0 688
1240 688 4.7 0 0.0 0 688
1242 688 4.7 0 0.0 0 688
1244 688 4.7 0 0.0 0 688
1246 688 4.7 0 0.0 0 688
1248 688 4.7 0 0.0 0 688
1250 688 4.7 0 0.0 0 688
1252 688 4.7 0 0.0 0 688
1254 688 4.7 0 0.0 0 688
1256 688 4.7 0 0.0 0 688
1258 688 4.7 0 0.0 0 688
1260 688 4.7 0 0.0 0 688
1262 688 4.7 0 0.0 0 688
1264 688 4.7 0 0.0 0 688
1266 688 4.7 0 0.0 0 688
1268 688 4.7 0 0.0 0 688
1270 688 4.7 0 0.0 0 688
1272 688 4.7 0 0.0 0 688
1274 688 4.7 0 0.0 0 688
1276 688 4.7 0 0.0 0 688
1278 688 4.7 0 0.0 0 688
1280 688 4.7 0 0.0 0 688
1282 688 4.7 0 0.0 0 688
1284 688 4.7 0 0.0 0 688
1286 688 4.7 0 0.0 0 688
1288 688 4.7 0 0.0 0 688
1290 688 4.7 0 0.0 0 688
1292 688 4.7 0 0.0 0 688
1294 688 4.7 0 0.0 0 688
1296 688 4.7 0 0.0 0 688
1298 688 4.7 0 0.0 0 688
1300 688 4.7 0 0.0 0 688
1302 688 4.7 0 0.0 0 688
1304 688 4.7 0 0.0 0 688
1306 688 4.7 0 0.0 0 688
1308 688 4.7 0 0.0 0 688
1310 688 4.7 0 0.0 0 688
1312 688 4.7 0 0.0 0 688
1314 688 4.7 0 0.0 0 688
1316 688 4.7 0 0.0 0 688
1318 688 4.7 0 0.0 0 688
1320 688 4.7 0 0.0 0 688
1322 688 4.7 0 0.0 0 688
1324 688 4.7 0 0.0 0 688
1326 688 4.7 0 0.0 0 688
1328 688 4.7 0 0.0 0 688
1330 688 4.7 0 0.0 0 688
1332 688 4.7 0 0.0 0 688
1334 688 4.7 0 0.0 0 688
1336 688 4.7 0 0.0 0 688
1338 688 4.7 0 0.0 0 688
1340 688 4.7 0 0.0 0 688
1342 688 4.7 0 0.0 0 688
1344 688 4.7 0 0.0 0 688
1346 688 4.7 0 0.0 0 688
1348 688 4.7 0 0.0 0 688
1350 688 4.7 0 0.0 0 688
1352 688 4.7 0 0.0 0 688
1354 688 4.7 0 0.0 0 688
1356 688 4.7 0 0.0 0 688
1358 688 4.7 0 0.0 0 688
1360 688 4.7 0 0.0 0 688
1362 688 4.7 0 0.0 0 688
1364 688 4.7 0 0.0 0 688
1366 688 4.7 0 0.0 0 688
1368 688 4.7 0 0.0 0 688
1370 688 4.7 0 0.0 0 688
1372 688 4.7 0 0.0 0 688
1374 688 4.7 0 0.0 0 688
1376 688 4.7 0 0.0 0 688
1378 688 4.7 0 0.0 0 688
1380 688 4.7 0 0.0 0 688
1382 688 4.7 0 0.0 0 688
1384 688 4.7 0 0.0 0 688
1386 688 4.7 0 0.0 0 688
1388 688 4.7 0 0.0 0 688
1390 688 4.7 0 0.0 0 688
1392 688 4.7 0 0.0 0 688
1394 688 4.7 0 0.0 0 688
1396 688 4.7 0 0.0 0 688
1398 688 4.7 0 0.0 0 688
1400 688 4.7 0 0.0 0 688
1402 688 4.7 0 0.0 0 688
1404 688 4.7 0 0.0 0 688
1406 688 4.7 0 0.0 0 688
1408 688 4.7 0 0.0 0 688
1410 688 4.7 0 0.0 0 688
1412 688 4.7 0 0.0 0 688
1414 688 4.7 0 0.0 0 688
1416 688 4.7 0 0.0 0 688
1418 688 4.7 0 0.0 0 688
1420 688 4.7 0 0.0 0 688
1422 688 4.7 0 0.0 0 688
1424 688 4.7 0 0.0 0 688
1426 688 4.7 0 0.0 0 688
1428 688 4.7 0 0.0 0 688
1430 688 4.7 0 0.0 0 688
1432 688 4.7 0 0.0 0 688
1434 688 4.7 0 0.0 0 688
1436 688 4.7 0 0.0 0 688
1438 688 4.7 0 0.0 0 688
1440 688 4.7 0 0.0 0 688
