Time Custom..._Count Custom..._Conc Glycerol_Count Glycerol_Conc Custom..._Died bacteria_couldn't_eat
0 43 0.26 57811 2.76 0 0
2 43 0.26 57811 2.76 0 0
4 43 0.27 57777 2.76 0 0
6 43 0.27 57746 2.75 0 0
8 43 0.27 57713 2.75 0 0
10 43 0.28 57675 2.75 0 0
12 43 0.28 57636 2.75 0 0
14 43 0.28 57592 2.75 0 0
16 43 0.29 57550 2.74 0 0
18 43 0.29 57510 2.74 0 0
20 43 0.29 57464 2.74 0 0
22 43 0.3 57420 2.74 0 0
24 43 0.3 57374 2.73 0 0
26 43 0.3 57326 2.73 0 0
28 43 0.31 57283 2.73 0 0
30 43 0.31 57233 2.73 0 0
32 43 0.32 57185 2.72 0 0
34 43 0.32 57138 2.72 0 0
36 43 0.32 57085 2.72 0 0
38 43 0.33 57035 2.71 0 0
40 43 0.33 56985 2.71 0 0
42 43 0.34 56937 2.71 0 0
44 43 0.34 56887 2.71 0 0
46 43 0.34 56836 2.7 0 0
48 43 0.35 56785 2.7 0 0
50 43 0.35 56734 2.7 0 0
52 43 0.36 56681 2.69 0 0
54 43 0.36 56621 2.69 0 0
56 43 0.37 56560 2.69 0 0
58 43 0.37 56502 2.69 0 0
60 43 0.38 56450 2.68 0 0
62 43 0.38 56390 2.68 0 0
64 43 0.39 56330 2.68 0 0
66 43 0.39 56266 2.67 0 0
68 43 0.4 56200 2.67 0 0
70 43 0.4 56133 2.67 0 0
72 43 0.41 56067 2.66 0 0
74 43 0.41 56003 2.66 0 0
76 43 0.42 55933 2.66 0 0
78 43 0.42 55856 2.65 0 0
80 43 0.43 55783 2.65 0 0
82 43 0.43 55707 2.65 0 0
84 43 0.44 55632 2.64 0 0
86 43 0.44 55552 2.64 0 0
88 43 0.45 55471 2.63 0 0
90 43 0.45 55393 2.63 0 0
92 43 0.46 55310 2.63 0 0
94 43 0.46 55237 2.62 0 0
96 43 0.47 55163 2.62 0 0
98 43 0.48 55081 2.61 0 0
100 43 0.48 55002 2.61 0 0
102 43 0.49 54918 2.61 0 0
104 43 0.49 54833 2.6 0 0
106 43 0.5 54747 2.6 0 0
108 43 0.51 54650 2.59 0 0
110 43 0.51 54548 2.59 0 0
112 43 0.52 54453 2.59 0 0
114 86 0.53 54362 2.58 0 0
116 86 0.53 54269 2.58 0 0
118 86 0.54 54172 2.57 0 0
120 86 0.55 54074 2.57 0 0
122 86 0.55 53973 2.56 0 0
124 86 0.56 53880 2.56 0 0
126 86 0.57 53774 2.55 0 0
128 86 0.57 53673 2.55 0 0
130 86 0.58 53567 2.54 0 0
132 86 0.59 53460 2.54 0 0
134 86 0.6 53356 2.53 0 0
136 86 0.6 53250 2.53 0 0
138 86 0.61 53145 2.52 0 0
140 86 0.62 53025 2.52 0 0
142 86 0.63 52921 2.51 0 0
144 86 0.63 52809 2.51 0 0
146 86 0.64 52691 2.5 0 0
148 86 0.65 52579 2.5 0 0
150 86 0.66 52470 2.49 0 0
152 86 0.67 52354 2.49 0 0
154 86 0.68 52237 2.48 0 0
156 86 0.68 52112 2.47 0 0
158 86 0.69 51987 2.47 0 0
160 86 0.7 51868 2.46 0 0
162 86 0.71 51742 2.46 0 0
164 86 0.72 51613 2.45 0 0
166 86 0.73 51485 2.45 0 0
168 86 0.74 51354 2.44 0 0
170 86 0.75 51227 2.43 0 0
172 86 0.76 51091 2.43 0 0
174 86 0.76 50965 2.42 0 0
176 86 0.77 50827 2.41 0 0
178 86 0.78 50704 2.41 0 0
180 86 0.79 50568 2.4 0 0
182 86 0.8 50430 2.39 0 0
184 86 0.81 50276 2.39 0 0
186 86 0.82 50131 2.38 0 0
188 86 0.83 49989 2.37 0 0
190 86 0.85 49842 2.37 0 0
192 86 0.86 49704 2.36 0 0
194 86 0.87 49550 2.35 0 0
196 86 0.88 49393 2.34 0 0
198 86 0.89 49240 2.34 0 0
200 86 0.9 49086 2.33 0 0
202 86 0.91 48935 2.32 0 0
204 86 0.92 48764 2.31 0 0
206 86 0.93 48611 2.31 0 0
208 86 0.95 48434 2.3 0 0
210 86 0.96 48274 2.29 0 0
212 86 0.97 48107 2.28 0 0
214 86 0.98 47930 2.27 0 0
216 86 0.99 47762 2.27 0 0
218 86 1.01 47589 2.26 0 0
220 86 1.02 47397 2.25 0 0
222 86 1.03 47211 2.24 0 0
224 86 1.04 47025 2.23 0 0
226 171 1.06 46835 2.22 0 0
228 172 1.07 46658 2.21 0 0
230 172 1.08 46463 2.2 0 0
232 172 1.1 46269 2.2 0 0
234 172 1.11 46080 2.19 0 0
236 172 1.13 45888 2.18 0 0
238 172 1.14 45684 2.17 0 0
240 172 1.15 45486 2.16 0 0
242 172 1.17 45276 2.15 0 0
244 172 1.18 45060 2.14 0 0
246 172 1.2 44840 2.13 0 0
248 172 1.21 44631 2.12 0 0
250 172 1.23 44416 2.11 0 0
252 172 1.24 44202 2.1 0 0
254 172 1.26 43985 2.09 0 0
256 172 1.27 43764 2.08 0 0
258 172 1.29 43549 2.07 0 0
260 172 1.31 43318 2.05 0 0
262 172 1.32 43096 2.04 0 0
264 172 1.34 42864 2.03 0 0
266 172 1.36 42629 2.02 0 0
268 172 1.37 42390 2.01 0 0
270 172 1.39 42132 2.0 0 0
272 172 1.41 41893 1.99 0 0
274 172 1.43 41653 1.97 0 0
276 172 1.44 41403 1.96 0 0
278 172 1.46 41139 1.95 0 0
280 172 1.48 40881 1.94 0 0
282 172 1.5 40621 1.93 0 0
284 172 1.52 40357 1.91 0 0
286 172 1.54 40091 1.9 0 0
288 172 1.56 39830 1.89 0 0
290 172 1.58 39551 1.87 0 0
292 172 1.59 39275 1.86 0 0
294 172 1.61 38997 1.85 0 0
296 172 1.63 38708 1.83 0 0
298 172 1.66 38409 1.82 0 0
300 172 1.68 38110 1.81 0 0
302 172 1.7 37817 1.79 0 0
304 172 1.72 37526 1.78 0 0
306 172 1.74 37222 1.76 0 0
308 172 1.76 36907 1.75 0 0
310 172 1.78 36596 1.73 0 0
312 172 1.81 36292 1.72 0 0
314 172 1.83 35965 1.7 0 0
316 172 1.85 35646 1.69 0 0
318 172 1.87 35320 1.67 0 0
320 172 1.9 34988 1.66 0 0
322 172 1.92 34655 1.64 0 0
324 172 1.95 34309 1.62 0 0
326 172 1.97 33954 1.61 0 0
328 172 2.0 33596 1.59 0 0
330 172 2.02 33227 1.57 0 0
332 172 2.05 32872 1.56 0 0
334 172 2.07 32499 1.54 0 0
336 340 2.1 32123 1.52 0 0
338 344 2.12 31743 1.5 0 0
340 344 2.15 31370 1.49 0 0
342 344 2.18 30992 1.47 0 0
344 344 2.2 30596 1.45 0 0
346 344 2.23 30202 1.43 0 0
348 344 2.26 29813 1.41 0 0
350 344 2.29 29426 1.39 0 0
352 344 2.32 29020 1.37 0 0
354 344 2.35 28617 1.35 0 0
356 344 2.38 28200 1.33 0 0
358 344 2.41 27781 1.31 0 0
360 344 2.44 27353 1.29 0 0
362 344 2.47 26931 1.27 0 0
364 344 2.5 26501 1.25 0 0
366 344 2.53 26047 1.23 0 0
368 344 2.56 25607 1.21 0 0
370 344 2.59 25152 1.19 0 0
372 344 2.62 24688 1.17 0 0
374 344 2.66 24228 1.14 0 0
376 344 2.69 23752 1.12 0 0
378 344 2.72 23282 1.1 0 0
380 344 2.76 22818 1.08 0 0
382 344 2.79 22336 1.05 0 0
384 344 2.83 21834 1.03 0 0
386 344 2.86 21326 1.0 0 0
388 344 2.9 20815 0.98 0 0
390 344 2.94 20312 0.96 0 0
392 344 2.97 19783 0.93 0 0
394 344 3.01 19245 0.91 0 0
396 344 3.05 18724 0.88 0 0
398 344 3.09 18190 0.86 0 0
400 344 3.12 17640 0.83 0 0
402 344 3.16 17096 0.8 0 0
404 344 3.2 16524 0.78 0 0
406 344 3.24 15951 0.75 0 0
408 344 3.28 15389 0.72 0 0
410 344 3.32 14813 0.69 0 0
412 344 3.37 14238 0.67 0 0
414 344 3.41 13638 0.64 0 0
416 344 3.45 13027 0.61 0 0
418 344 3.49 12433 0.58 0 0
420 344 3.54 11812 0.55 0 0
422 344 3.58 11187 0.52 0 0
424 344 3.63 10554 0.49 0 0
426 344 3.67 9898 0.46 0 0
428 344 3.72 9239 0.43 0 0
430 344 3.77 8601 0.4 0 0
432 344 3.81 7922 0.36 0 0
434 344 3.86 7245 0.33 0 0
436 344 3.91 6567 0.3 0 0
438 344 3.96 5872 0.27 0 0
440 344 4.01 5164 0.23 0 0
442 344 4.06 4446 0.2 0 1
444 344 4.11 3722 0.17 0 2
446 344 4.16 2994 0.13 0 0
448 664 4.21 2259 0.1 0 4
450 679 4.26 1546 0.06 0 17
452 684 4.3 907 0.04 0 99
454 685 4.34 391 0.01 0 223
456 686 4.35 128 0.0 0 440
458 686 4.36 29 0.0 0 586
460 686 4.36 6 0.0 0 662
462 686 4.36 0 0.0 0 680
464 686 4.36 0 0.0 0 686
466 686 4.36 0 0.0 0 686
468 686 4.36 0 0.0 0 686
470 686 4.36 0 0.0 0 686
472 686 4.36 0 0.0 0 686
474 686 4.36 0 0.0 0 686
476 686 4.36 0 0.0 0 686
478 686 4.36 0 0.0 0 686
480 686 4.36 0 0.0 0 686
482 686 4.36 0 0.0 0 686
484 686 4.36 0 0.0 0 686
486 686 4.36 0 0.0 0 686
488 686 4.36 0 0.0 0 686
490 686 4.36 0 0.0 0 686
492 686 4.36 0 0.0 0 686
494 686 4.36 0 0.0 0 686
496 686 4.36 0 0.0 0 686
498 686 4.36 0 0.0 0 686
500 686 4.36 0 0.0 0 686
502 686 4.36 0 0.0 0 686
504 686 4.36 0 0.0 0 686
506 686 4.36 0 0.0 0 686
508 686 4.36 0 0.0 0 686
510 686 4.36 0 0.0 0 686
512 686 4.36 0 0.0 0 686
514 686 4.36 0 0.0 0 686
516 686 4.36 0 0.0 0 686
518 686 4.36 0 0.0 0 686
520 686 4.36 0 0.0 0 686
522 686 4.36 0 0.0 0 686
524 686 4.36 0 0.0 0 686
526 686 4.36 0 0.0 0 686
528 686 4.36 0 0.0 0 686
530 686 4.36 0 0.0 0 686
532 686 4.36 0 0.0 0 686
534 686 4.36 0 0.0 0 686
536 686 4.36 0 0.0 0 686
538 686 4.36 0 0.0 0 686
540 686 4.36 0 0.0 0 686
542 686 4.36 0 0.0 0 686
544 686 4.36 0 0.0 0 686
546 686 4.36 0 0.0 0 686
548 686 4.36 0 0.0 0 686
550 686 4.36 0 0.0 0 686
552 686 4.36 0 0.0 0 686
554 686 4.36 0 0.0 0 686
556 686 4.36 0 0.0 0 686
558 686 4.36 0 0.0 0 686
560 686 4.36 0 0.0 0 686
562 686 4.36 0 0.0 0 686
564 686 4.36 0 0.0 0 686
566 686 4.36 0 0.0 0 686
568 686 4.36 0 0.0 0 686
570 686 4.36 0 0.0 0 686
572 686 4.36 0 0.0 0 686
574 686 4.36 0 0.0 0 686
576 686 4.36 0 0.0 0 686
578 686 4.36 0 0.0 0 686
580 686 4.36 0 0.0 0 686
582 686 4.36 0 0.0 0 686
584 686 4.36 0 0.0 0 686
586 686 4.36 0 0.0 0 686
588 686 4.36 0 0.0 0 686
590 686 4.36 0 0.0 0 686
592 686 4.36 0 0.0 0 686
594 686 4.36 0 0.0 0 686
596 686 4.36 0 0.0 0 686
598 686 4.36 0 0.0 0 686
600 686 4.36 0 0.0 0 686
602 686 4.36 0 0.0 0 686
604 686 4.36 0 0.0 0 686
606 686 4.36 0 0.0 0 686
608 686 4.36 0 0.0 0 686
610 686 4.36 0 0.0 0 686
612 686 4.36 0 0.0 0 686
614 686 4.36 0 0.0 0 686
616 686 4.36 0 0.0 0 686
618 686 4.36 0 0.0 0 686
620 686 4.36 0 0.0 0 686
622 686 4.36 0 0.0 0 686
624 686 4.36 0 0.0 0 686
626 686 4.36 0 0.0 0 686
628 686 4.36 0 0.0 0 686
630 686 4.36 0 0.0 0 686
632 686 4.36 0 0.0 0 686
634 686 4.36 0 0.0 0 686
636 686 4.36 0 0.0 0 686
638 686 4.36 0 0.0 0 686
640 686 4.36 0 0.0 0 686
642 686 4.36 0 0.0 0 686
644 686 4.36 0 0.0 0 686
646 686 4.36 0 0.0 0 686
648 686 4.36 0 0.0 0 686
650 686 4.36 0 0.0 0 686
652 686 4.36 0 0.0 0 686
654 686 4.36 0 0.0 0 686
656 686 4.36 0 0.0 0 686
658 686 4.36 0 0.0 0 686
660 686 4.36 0 0.0 0 686
662 686 4.36 0 0.0 0 686
664 686 4.36 0 0.0 0 686
666 686 4.36 0 0.0 0 686
668 686 4.36 0 0.0 0 686
670 686 4.36 0 0.0 0 686
672 686 4.36 0 0.0 0 686
674 686 4.36 0 0.0 0 686
676 686 4.36 0 0.0 0 686
678 686 4.36 0 0.0 0 686
680 686 4.36 0 0.0 0 686
682 686 4.36 0 0.0 0 686
684 686 4.36 0 0.0 0 686
686 686 4.36 0 0.0 0 686
688 686 4.36 0 0.0 0 686
690 686 4.36 0 0.0 0 686
692 686 4.36 0 0.0 0 686
694 686 4.36 0 0.0 0 686
696 686 4.36 0 0.0 0 686
698 686 4.36 0 0.0 0 686
700 686 4.36 0 0.0 0 686
702 686 4.36 0 0.0 0 686
704 686 4.36 0 0.0 0 686
706 686 4.36 0 0.0 0 686
708 686 4.36 0 0.0 0 686
710 686 4.36 0 0.0 0 686
712 686 4.36 0 0.0 0 686
714 686 4.36 0 0.0 0 686
716 686 4.36 0 0.0 0 686
718 686 4.36 0 0.0 0 686
720 686 4.36 0 0.0 0 686
722 686 4.36 0 0.0 0 686
724 686 4.36 0 0.0 0 686
726 686 4.36 0 0.0 0 686
728 686 4.36 0 0.0 0 686
730 686 4.36 0 0.0 0 686
732 686 4.36 0 0.0 0 686
734 686 4.36 0 0.0 0 686
736 686 4.36 0 0.0 0 686
738 686 4.36 0 0.0 0 686
740 686 4.36 0 0.0 0 686
742 686 4.36 0 0.0 0 686
744 686 4.36 0 0.0 0 686
746 686 4.36 0 0.0 0 686
748 686 4.36 0 0.0 0 686
750 686 4.36 0 0.0 0 686
752 686 4.36 0 0.0 0 686
754 686 4.36 0 0.0 0 686
756 686 4.36 0 0.0 0 686
758 686 4.36 0 0.0 0 686
760 686 4.36 0 0.0 0 686
762 686 4.36 0 0.0 0 686
764 686 4.36 0 0.0 0 686
766 686 4.36 0 0.0 0 686
768 686 4.36 0 0.0 0 686
770 686 4.36 0 0.0 0 686
772 686 4.36 0 0.0 0 686
774 686 4.36 0 0.0 0 686
776 686 4.36 0 0.0 0 686
778 686 4.36 0 0.0 0 686
780 686 4.36 0 0.0 0 686
782 686 4.36 0 0.0 0 686
784 686 4.36 0 0.0 0 686
786 686 4.36 0 0.0 0 686
788 686 4.36 0 0.0 0 686
790 686 4.36 0 0.0 0 686
792 686 4.36 0 0.0 0 686
794 686 4.36 0 0.0 0 686
796 686 4.36 0 0.0 0 686
798 686 4.36 0 0.0 0 686
800 686 4.36 0 0.0 0 686
802 686 4.36 0 0.0 0 686
804 686 4.36 0 0.0 0 686
806 686 4.36 0 0.0 0 686
808 686 4.36 0 0.0 0 686
810 686 4.36 0 0.0 0 686
812 686 4.36 0 0.0 0 686
814 686 4.36 0 0.0 0 686
816 686 4.36 0 0.0 0 686
818 686 4.36 0 0.0 0 686
820 686 4.36 0 0.0 0 686
822 686 4.36 0 0.0 0 686
824 686 4.36 0 0.0 0 686
826 686 4.36 0 0.0 0 686
828 686 4.36 0 0.0 0 686
830 686 4.36 0 0.0 0 686
832 686 4.36 0 0.0 0 686
834 686 4.36 0 0.0 0 686
836 686 4.36 0 0.0 0 686
838 686 4.36 0 0.0 0 686
840 686 4.36 0 0.0 0 686
842 686 4.36 0 0.0 0 686
844 686 4.36 0 0.0 0 686
846 686 4.36 0 0.0 0 686
848 686 4.36 0 0.0 0 686
850 686 4.36 0 0.0 0 686
852 686 4.36 0 0.0 0 686
854 686 4.36 0 0.0 0 686
856 686 4.36 0 0.0 0 686
858 686 4.36 0 0.0 0 686
860 686 4.36 0 0.0 0 686
862 686 4.36 0 0.0 0 686
864 686 4.36 0 0.0 0 686
866 686 4.36 0 0.0 0 686
868 686 4.36 0 0.0 0 686
870 686 4.36 0 0.0 0 686
872 686 4.36 0 0.0 0 686
874 686 4.36 0 0.0 0 686
876 686 4.36 0 0.0 0 686
878 686 4.36 0 0.0 0 686
880 686 4.36 0 0.0 0 686
882 686 4.36 0 0.0 0 686
884 686 4.36 0 0.0 0 686
886 686 4.36 0 0.0 0 686
888 686 4.36 0 0.0 0 686
890 686 4.36 0 0.0 0 686
892 686 4.36 0 0.0 0 686
894 686 4.36 0 0.0 0 686
896 686 4.36 0 0.0 0 686
898 686 4.36 0 0.0 0 686
900 686 4.36 0 0.0 0 686
902 686 4.36 0 0.0 0 686
904 686 4.36 0 0.0 0 686
906 686 4.36 0 0.0 0 686
908 686 4.36 0 0.0 0 686
910 686 4.36 0 0.0 0 686
912 686 4.36 0 0.0 0 686
914 686 4.36 0 0.0 0 686
916 686 4.36 0 0.0 0 686
918 686 4.36 0 0.0 0 686
920 686 4.36 0 0.0 0 686
922 686 4.36 0 0.0 0 686
924 686 4.36 0 0.0 0 686
926 686 4.36 0 0.0 0 686
928 686 4.36 0 0.0 0 686
930 686 4.36 0 0.0 0 686
932 686 4.36 0 0.0 0 686
934 686 4.36 0 0.0 0 686
936 686 4.36 0 0.0 0 686
938 686 4.36 0 0.0 0 686
940 686 4.36 0 0.0 0 686
942 686 4.36 0 0.0 0 686
944 686 4.36 0 0.0 0 686
946 686 4.36 0 0.0 0 686
948 686 4.36 0 0.0 0 686
950 686 4.36 0 0.0 0 686
952 686 4.36 0 0.0 0 686
954 686 4.36 0 0.0 0 686
956 686 4.36 0 0.0 0 686
958 686 4.36 0 0.0 0 686
960 686 4.36 0 0.0 0 686
962 686 4.36 0 0.0 0 686
964 686 4.36 0 0.0 0 686
966 686 4.36 0 0.0 0 686
968 686 4.36 0 0.0 0 686
970 686 4.36 0 0.0 0 686
972 686 4.36 0 0.0 0 686
974 686 4.36 0 0.0 0 686
976 686 4.36 0 0.0 0 686
978 686 4.36 0 0.0 0 686
980 686 4.36 0 0.0 0 686
982 686 4.36 0 0.0 0 686
984 686 4.36 0 0.0 0 686
986 686 4.36 0 0.0 0 686
988 686 4.36 0 0.0 0 686
990 686 4.36 0 0.0 0 686
992 686 4.36 0 0.0 0 686
994 686 4.36 0 0.0 0 686
996 686 4.36 0 0.0 0 686
998 686 4.36 0 0.0 0 686
1000 686 4.36 0 0.0 0 686
1002 686 4.36 0 0.0 0 686
1004 686 4.36 0 0.0 0 686
1006 686 4.36 0 0.0 0 686
1008 686 4.36 0 0.0 0 686
1010 686 4.36 0 0.0 0 686
1012 686 4.36 0 0.0 0 686
1014 686 4.36 0 0.0 0 686
1016 686 4.36 0 0.0 0 686
1018 686 4.36 0 0.0 0 686
1020 686 4.36 0 0.0 0 686
1022 686 4.36 0 0.0 0 686
1024 686 4.36 0 0.0 0 686
1026 686 4.36 0 0.0 0 686
1028 686 4.36 0 0.0 0 686
1030 686 4.36 0 0.0 0 686
1032 686 4.36 0 0.0 0 686
1034 686 4.36 0 0.0 0 686
1036 686 4.36 0 0.0 0 686
1038 686 4.36 0 0.0 0 686
1040 686 4.36 0 0.0 0 686
1042 686 4.36 0 0.0 0 686
1044 686 4.36 0 0.0 0 686
1046 686 4.36 0 0.0 0 686
1048 686 4.36 0 0.0 0 686
1050 686 4.36 0 0.0 0 686
1052 686 4.36 0 0.0 0 686
1054 686 4.36 0 0.0 0 686
1056 686 4.36 0 0.0 0 686
1058 686 4.36 0 0.0 0 686
1060 686 4.36 0 0.0 0 686
1062 686 4.36 0 0.0 0 686
1064 686 4.36 0 0.0 0 686
1066 686 4.36 0 0.0 0 686
1068 686 4.36 0 0.0 0 686
1070 686 4.36 0 0.0 0 686
1072 686 4.36 0 0.0 0 686
1074 686 4.36 0 0.0 0 686
1076 686 4.36 0 0.0 0 686
1078 686 4.36 0 0.0 0 686
1080 686 4.36 0 0.0 0 686
1082 686 4.36 0 0.0 0 686
1084 686 4.36 0 0.0 0 686
1086 686 4.36 0 0.0 0 686
1088 686 4.36 0 0.0 0 686
1090 686 4.36 0 0.0 0 686
1092 686 4.36 0 0.0 0 686
1094 686 4.36 0 0.0 0 686
1096 686 4.36 0 0.0 0 686
1098 686 4.36 0 0.0 0 686
1100 686 4.36 0 0.0 0 686
1102 686 4.36 0 0.0 0 686
1104 686 4.36 0 0.0 0 686
1106 686 4.36 0 0.0 0 686
1108 686 4.36 0 0.0 0 686
1110 686 4.36 0 0.0 0 686
1112 686 4.36 0 0.0 0 686
1114 686 4.36 0 0.0 0 686
1116 686 4.36 0 0.0 0 686
1118 686 4.36 0 0.0 0 686
1120 686 4.36 0 0.0 0 686
1122 686 4.36 0 0.0 0 686
1124 686 4.36 0 0.0 0 686
1126 686 4.36 0 0.0 0 686
1128 686 4.36 0 0.0 0 686
1130 686 4.36 0 0.0 0 686
1132 686 4.36 0 0.0 0 686
1134 686 4.36 0 0.0 0 686
1136 686 4.36 0 0.0 0 686
1138 686 4.36 0 0.0 0 686
1140 686 4.36 0 0.0 0 686
1142 686 4.36 0 0.0 0 686
1144 686 4.36 0 0.0 0 686
1146 686 4.36 0 0.0 0 686
1148 686 4.36 0 0.0 0 686
1150 686 4.36 0 0.0 0 686
1152 686 4.36 0 0.0 0 686
1154 686 4.36 0 0.0 0 686
1156 686 4.36 0 0.0 0 686
1158 686 4.36 0 0.0 0 686
1160 686 4.36 0 0.0 0 686
1162 686 4.36 0 0.0 0 686
1164 686 4.36 0 0.0 0 686
1166 686 4.36 0 0.0 0 686
1168 686 4.36 0 0.0 0 686
1170 686 4.36 0 0.0 0 686
1172 686 4.36 0 0.0 0 686
1174 686 4.36 0 0.0 0 686
1176 686 4.36 0 0.0 0 686
1178 686 4.36 0 0.0 0 686
1180 685 4.35 0 0.0 1 686
1182 685 4.35 0 0.0 1 685
1184 685 4.35 0 0.0 1 685
1186 685 4.35 0 0.0 1 685
1188 685 4.35 0 0.0 1 685
1190 685 4.35 0 0.0 1 685
1192 685 4.35 0 0.0 1 685
1194 685 4.35 0 0.0 1 685
1196 685 4.35 0 0.0 1 685
1198 685 4.35 0 0.0 1 685
1200 685 4.35 0 0.0 1 685
1202 685 4.35 0 0.0 1 685
1204 685 4.35 0 0.0 1 685
1206 685 4.35 0 0.0 1 685
1208 685 4.35 0 0.0 1 685
1210 685 4.35 0 0.0 1 685
1212 685 4.35 0 0.0 1 685
1214 685 4.35 0 0.0 1 685
1216 685 4.35 0 0.0 1 685
1218 685 4.35 0 0.0 1 685
1220 685 4.35 0 0.0 1 685
1222 685 4.35 0 0.0 1 685
1224 685 4.35 0 0.0 1 685
1226 685 4.35 0 0.0 1 685
1228 685 4.35 0 0.0 1 685
1230 685 4.35 0 0.0 1 685
1232 685 4.35 0 0.0 1 685
1234 685 4.35 0 0.0 1 685
1236 685 4.35 0 0.0 1 685
1238 685 4.35 0 0.0 1 685
1240 685 4.35 0 0.0 1 685
1242 685 4.35 0 0.0 1 685
1244 685 4.35 0 0.0 1 685
1246 685 4.35 0 0.0 1 685
1248 685 4.35 0 0.0 1 685
1250 685 4.35 0 0.0 1 685
1252 685 4.35 0 0.0 1 685
1254 685 4.35 0 0.0 1 685
1256 685 4.35 0 0.0 1 685
1258 685 4.35 0 0.0 1 685
1260 685 4.35 0 0.0 1 685
1262 685 4.35 0 0.0 1 685
1264 685 4.35 0 0.0 1 685
1266 685 4.35 0 0.0 1 685
1268 685 4.35 0 0.0 1 685
1270 685 4.35 0 0.0 1 685
1272 685 4.35 0 0.0 1 685
1274 685 4.35 0 0.0 1 685
1276 685 4.35 0 0.0 1 685
1278 685 4.35 0 0.0 1 685
1280 685 4.35 0 0.0 1 685
1282 685 4.35 0 0.0 1 685
1284 685 4.35 0 0.0 1 685
1286 685 4.35 0 0.0 1 685
1288 685 4.35 0 0.0 1 685
1290 685 4.35 0 0.0 1 685
1292 685 4.35 0 0.0 1 685
1294 685 4.35 0 0.0 1 685
1296 685 4.35 0 0.0 1 685
1298 685 4.35 0 0.0 1 685
1300 685 4.35 0 0.0 1 685
1302 685 4.35 0 0.0 1 685
1304 685 4.35 0 0.0 1 685
1306 685 4.35 0 0.0 1 685
1308 685 4.35 0 0.0 1 685
1310 685 4.35 0 0.0 1 685
1312 685 4.35 0 0.0 1 685
1314 685 4.35 0 0.0 1 685
1316 685 4.35 0 0.0 1 685
1318 685 4.35 0 0.0 1 685
1320 685 4.35 0 0.0 1 685
1322 685 4.35 0 0.0 1 685
1324 685 4.35 0 0.0 1 685
1326 685 4.35 0 0.0 1 685
1328 685 4.35 0 0.0 1 685
1330 685 4.35 0 0.0 1 685
1332 685 4.35 0 0.0 1 685
1334 685 4.35 0 0.0 1 685
1336 685 4.35 0 0.0 1 685
1338 685 4.35 0 0.0 1 685
1340 685 4.35 0 0.0 1 685
1342 685 4.35 0 0.0 1 685
1344 685 4.35 0 0.0 1 685
1346 685 4.35 0 0.0 1 685
1348 685 4.35 0 0.0 1 685
1350 685 4.35 0 0.0 1 685
1352 685 4.35 0 0.0 1 685
1354 685 4.35 0 0.0 1 685
1356 685 4.35 0 0.0 1 685
1358 685 4.35 0 0.0 1 685
1360 685 4.35 0 0.0 1 685
1362 685 4.35 0 0.0 1 685
1364 685 4.35 0 0.0 1 685
1366 685 4.35 0 0.0 1 685
1368 685 4.35 0 0.0 1 685
1370 685 4.35 0 0.0 1 685
1372 685 4.35 0 0.0 1 685
1374 685 4.35 0 0.0 1 685
1376 685 4.35 0 0.0 1 685
1378 685 4.35 0 0.0 1 685
1380 685 4.35 0 0.0 1 685
1382 685 4.35 0 0.0 1 685
1384 685 4.35 0 0.0 1 685
1386 685 4.35 0 0.0 1 685
1388 685 4.35 0 0.0 1 685
1390 685 4.35 0 0.0 1 685
1392 685 4.35 0 0.0 1 685
1394 685 4.35 0 0.0 1 685
1396 685 4.35 0 0.0 1 685
1398 685 4.35 0 0.0 1 685
1400 685 4.35 0 0.0 1 685
1402 685 4.35 0 0.0 1 685
1404 685 4.35 0 0.0 1 685
1406 685 4.35 0 0.0 1 685
1408 685 4.35 0 0.0 1 685
1410 685 4.35 0 0.0 1 685
1412 685 4.35 0 0.0 1 685
1414 685 4.35 0 0.0 1 685
1416 685 4.35 0 0.0 1 685
1418 685 4.35 0 0.0 1 685
1420 685 4.35 0 0.0 1 685
1422 685 4.35 0 0.0 1 685
1424 685 4.35 0 0.0 1 685
1426 685 4.35 0 0.0 1 685
1428 685 4.35 0 0.0 1 685
1430 685 4.35 0 0.0 1 685
1432 685 4.35 0 0.0 1 685
1434 685 4.35 0 0.0 1 685
1436 685 4.35 0 0.0 1 685
1438 685 4.35 0 0.0 1 685
1440 685 4.35 0 0.0 1 685
